100
0.000000 0.530238 0.803426 0.751965 0.503332 0.620701 0.246061 0.477954 0.303430 0.252300 0.648796 0.663338 0.298565 0.702891 0.441531 0.077877 0.484028 0.860017 0.201952 0.536593 0.679234 0.635727 0.632416 0.755278 0.361581 0.422396 0.939933 0.475077 0.844412 0.223131 0.581921 0.764092 0.373060 0.609866 0.495374 0.810485 0.701801 0.139067 0.521745 0.055769 0.965938 0.727772 0.324740 0.689932 0.371723 0.284237 0.627453 0.221680 0.788097 0.948070 0.570220 0.598387 0.398473 0.616073 0.978549 0.567301 0.786122 0.758626 0.190235 0.402596 0.735268 0.584232 0.652503 0.489473 0.432506 0.302830 0.433064 0.540621 0.763658 0.705568 0.887425 0.408693 0.684843 0.117078 0.562107 0.731013 0.316953 0.745881 0.710621 0.823568 0.153882 0.880552 0.787888 0.299383 0.477925 0.704164 0.634410 0.621440 0.578858 0.168301 0.257582 0.678024 0.350857 0.120126 0.699578 0.746414 0.760300 0.690933 1.008677 0.434599
0.530238 0.000000 0.413441 0.706224 0.343107 0.659549 0.424697 0.125759 0.275661 0.498503 0.180774 0.205883 0.231679 0.425899 0.281826 0.454738 0.053069 0.356898 0.328407 0.463769 0.642381 0.708415 0.297817 0.615000 0.197597 0.136440 0.549741 0.476427 0.379437 0.331778 0.214576 0.237981 0.512045 0.152449 0.605219 0.282619 0.720887 0.392078 0.187218 0.529759 0.608414 0.383970 0.548245 0.190165 0.166522 0.254732 0.602638 0.347944 0.583726 0.499815 0.354208 0.471037 0.383681 0.199097 0.566558 0.573086 0.255926 0.357339 0.408202 0.225101 0.507967 0.055313 0.497777 0.068112 0.593063 0.472138 0.120147 0.087942 0.260303 0.543743 0.481516 0.121573 0.163869 0.427823 0.616963 0.200779 0.422574 0.248982 0.299340 0.468769 0.406710 0.562253 0.301599 0.265446 0.394605 0.246786 0.370557 0.095956 0.166441 0.530061 0.281750 0.570714 0.306893 0.510564 0.173098 0.281828 0.235234 0.189541 0.621390 0.200052
0.803426 0.413441 0.000000 0.491239 0.324578 0.537161 0.587963 0.538869 0.501834 0.636430 0.235612 0.549985 0.555158 0.161870 0.365024 0.746045 0.415143 0.236891 0.628067 0.381966 0.464163 0.590875 0.171102 0.357252 0.581201 0.535193 0.142044 0.449349 0.138451 0.676662 0.232402 0.426878 0.564248 0.523187 0.570459 0.339898 0.554191 0.691161 0.597153 0.776165 0.194990 0.087080 0.634018 0.255797 0.475115 0.539687 0.457085 0.581753 0.280657 0.164894 0.260425 0.328882 0.444530 0.576433 0.175194 0.473016 0.383803 0.056104 0.620716 0.403153 0.226974 0.404599 0.303208 0.479912 0.604620 0.580478 0.418657 0.335090 0.510189 0.306688 0.084099 0.477878 0.433785 0.686412 0.530918 0.373102 0.534444 0.224926 0.114323 0.068564 0.735626 0.166175 0.188680 0.635273 0.380042 0.175385 0.197457 0.351035 0.259759 0.715687 0.622943 0.369393 0.456025 0.726140 0.330160 0.583356 0.315626 0.486387 0.214441 0.610338
0.751965 0.706224 0.491239 0.000000 0.367969 0.145566 0.514267 0.796515 0.562443 0.500976 0.607764 0.906214 0.676062 0.342337 0.444452 0.738707 0.669992 0.720009 0.682894 0.256599 0.074774 0.168069 0.444663 0.136206 0.761445 0.756075 0.526877 0.288824 0.627531 0.766142 0.509056 0.849041 0.379502 0.857434 0.270689 0.793941 0.090116 0.715857 0.874125 0.700708 0.485411 0.425866 0.438347 0.660779 0.635352 0.630240 0.126957 0.590237 0.221875 0.633954 0.353842 0.235198 0.392726 0.905315 0.580607 0.185249 0.821824 0.505672 0.580750 0.520087 0.264385 0.735289 0.215717 0.746068 0.338127 0.449435 0.621128 0.623573 0.917710 0.188074 0.534639 0.679192 0.818817 0.664183 0.196805 0.788949 0.445507 0.665781 0.521961 0.439895 0.781736 0.395771 0.654087 0.775062 0.334537 0.589983 0.359034 0.707686 0.560098 0.592706 0.729795 0.138464 0.484031 0.633990 0.735508 0.969771 0.752847 0.866348 0.553200 0.836636
0.503332 0.343107 0.324578 0.367969 0.000000 0.318795 0.269590 0.428551 0.228038 0.312370 0.289526 0.547520 0.327164 0.200146 0.082094 0.459254 0.303322 0.471218 0.363298 0.121102 0.300744 0.369835 0.166593 0.299581 0.401040 0.389444 0.448539 0.152175 0.411694 0.435650 0.178722 0.520897 0.245433 0.495536 0.288532 0.495746 0.377784 0.415303 0.506173 0.467720 0.465351 0.239536 0.311876 0.348069 0.272861 0.289179 0.259560 0.289550 0.301875 0.486244 0.068045 0.136300 0.120072 0.541148 0.493357 0.232816 0.506958 0.294468 0.313515 0.157850 0.238008 0.378801 0.178242 0.378588 0.301603 0.255904 0.253265 0.266569 0.576810 0.232769 0.406533 0.312593 0.474373 0.390093 0.281898 0.462763 0.210828 0.377501 0.267317 0.328559 0.473270 0.377444 0.392087 0.425978 0.065478 0.304701 0.134289 0.362531 0.220664 0.395024 0.389805 0.239126 0.157011 0.411390 0.409786 0.617695 0.445713 0.516772 0.513221 0.471022
0.620701 0.659549 0.537161 0.145566 0.318795 0.000000 0.393272 0.732036 0.468963 0.368418 0.597049 0.865049 0.585385 0.375747 0.379917 0.615451 0.616132 0.745840 0.575800 0.198166 0.095574 0.054646 0.443711 0.229891 0.678736 0.684522 0.605050 0.191571 0.663577 0.661225 0.488593 0.835435 0.248900 0.811762 0.128267 0.797804 0.081422 0.600044 0.810149 0.567626 0.578652 0.457867 0.299813 0.654349 0.559221 0.536425 0.080259 0.480460 0.311283 0.695059 0.332692 0.218447 0.299329 0.855254 0.658992 0.086464 0.816548 0.536482 0.460943 0.449278 0.321788 0.697367 0.233961 0.687964 0.195532 0.322564 0.558439 0.585317 0.894781 0.241303 0.597114 0.609341 0.792632 0.542067 0.059050 0.776192 0.329576 0.672117 0.536975 0.500196 0.666717 0.482010 0.672183 0.681295 0.265347 0.595270 0.364172 0.680504 0.535588 0.456925 0.631286 0.175427 0.394182 0.501072 0.722507 0.936390 0.751181 0.835553 0.644524 0.760871
0.246061 0.424697 0.587963 0.514267 0.269590 0.393272 0.000000 0.434795 0.149587 0.074321 0.481071 0.610876 0.241598 0.468930 0.225715 0.224440 0.371636 0.690630 0.194362 0.290537 0.440123 0.418861 0.419355 0.509431 0.342007 0.375755 0.717138 0.230545 0.653538 0.279173 0.389454 0.657977 0.148595 0.552581 0.278366 0.673608 0.474385 0.207487 0.504646 0.202700 0.734650 0.505964 0.140332 0.533199 0.264341 0.193525 0.387809 0.102781 0.542916 0.743857 0.337631 0.352873 0.155512 0.579544 0.760338 0.329179 0.664487 0.550253 0.067683 0.220858 0.492894 0.478571 0.407128 0.415098 0.228867 0.075168 0.305166 0.395629 0.684423 0.459748 0.671515 0.319923 0.588118 0.149978 0.334403 0.610842 0.071068 0.581007 0.510649 0.597669 0.274149 0.644935 0.612591 0.318707 0.234710 0.523166 0.403817 0.495401 0.403862 0.128175 0.262721 0.432465 0.140257 0.142393 0.567043 0.694315 0.620691 0.612238 0.782669 0.431902
0.477954 0.125759 0.538869 0.796515 0.428551 0.732036 0.434795 0.000000 0.290829 0.508252 0.306429 0.186611 0.199536 0.541035 0.354506 0.400077 0.133994 0.469947 0.287085 0.544207 0.728307 0.776848 0.414907 0.717400 0.116420 0.060072 0.675500 0.541863 0.502067 0.258849 0.330897 0.301683 0.550033 0.131915 0.659471 0.376152 0.800161 0.340525 0.078182 0.490289 0.733772 0.505790 0.571134 0.310867 0.178723 0.242457 0.684150 0.340088 0.694555 0.622981 0.453828 0.563284 0.438386 0.146124 0.691869 0.646601 0.336392 0.482768 0.399462 0.282757 0.619376 0.152039 0.596958 0.059389 0.635194 0.496244 0.175569 0.207183 0.287075 0.646580 0.607236 0.123997 0.221323 0.393605 0.683608 0.285882 0.452883 0.368082 0.424629 0.593014 0.335314 0.685149 0.421914 0.182742 0.468992 0.372219 0.480697 0.208965 0.286755 0.517277 0.220719 0.665617 0.348001 0.486976 0.276395 0.270898 0.336535 0.215884 0.747126 0.077256
0.303430 0.275661 0.501834 0.562443 0.228038 0.468963 0.149587 0.290829 0.000000 0.223824 0.352565 0.462350 0.116450 0.416491 0.150999 0.244396 0.222686 0.565023 0.135677 0.308560 0.488560 0.506984 0.331593 0.520244 0.212958 0.233827 0.640396 0.279275 0.542270 0.209104 0.278572 0.510803 0.261065 0.404066 0.378259 0.533697 0.544954 0.192350 0.364344 0.283419 0.672095 0.429645 0.280975 0.399598 0.115478 0.068004 0.438337 0.084359 0.529764 0.644644 0.287515 0.353182 0.171197 0.433339 0.676999 0.389129 0.520300 0.455678 0.138541 0.099240 0.465411 0.330004 0.402051 0.266489 0.346849 0.205571 0.157124 0.254731 0.534967 0.457381 0.585546 0.171688 0.439404 0.186654 0.414550 0.465879 0.162727 0.452032 0.407192 0.526821 0.246260 0.592728 0.489966 0.213371 0.232147 0.403694 0.345963 0.350521 0.278906 0.258262 0.167760 0.451266 0.078633 0.247367 0.424764 0.545370 0.481200 0.462674 0.710493 0.300003
0.252300 0.498503 0.636430 0.500976 0.312370 0.368418 0.074321 0.508252 0.223824 0.000000 0.547139 0.685130 0.313036 0.505959 0.283245 0.253513 0.445434 0.754239 0.255307 0.305247 0.429244 0.385215 0.471782 0.515948 0.412659 0.448928 0.759965 0.235474 0.711535 0.336622 0.450706 0.730735 0.121478 0.626840 0.243943 0.743174 0.449579 0.253532 0.577106 0.199850 0.771010 0.551893 0.079642 0.600779 0.338661 0.266202 0.378140 0.171409 0.560159 0.796105 0.379039 0.371529 0.192377 0.653349 0.805598 0.317528 0.735891 0.602692 0.120410 0.289816 0.518253 0.552115 0.425392 0.489384 0.183921 0.060072 0.378709 0.466552 0.758438 0.474483 0.718830 0.394197 0.661680 0.185102 0.309810 0.682659 0.102112 0.646549 0.567133 0.639592 0.317973 0.677944 0.675448 0.384149 0.265297 0.585538 0.445264 0.567390 0.469522 0.094243 0.327530 0.437781 0.205795 0.133112 0.637837 0.768618 0.690219 0.686379 0.822795 0.502506
0.648796 0.180774 0.235612 0.607764 0.289526 0.597049 0.481071 0.306429 0.352565 0.547139 0.000000 0.324190 0.364393 0.284020 0.270756 0.580131 0.193613 0.212469 0.452996 0.401820 0.555467 0.650581 0.163535 0.495127 0.364866 0.310953 0.369332 0.441592 0.205734 0.481459 0.110824 0.241502 0.518953 0.290839 0.578001 0.206537 0.642863 0.519271 0.361735 0.634859 0.430183 0.222097 0.574177 0.058548 0.283085 0.365550 0.526648 0.436678 0.445566 0.323302 0.264526 0.383404 0.380872 0.344197 0.385998 0.514345 0.219529 0.179980 0.489678 0.261189 0.371641 0.169231 0.392082 0.248633 0.586412 0.503821 0.220450 0.115825 0.311616 0.426462 0.300834 0.267080 0.217616 0.535035 0.567580 0.181436 0.451593 0.100086 0.124000 0.295509 0.550110 0.392408 0.139274 0.426805 0.354254 0.066432 0.249025 0.118129 0.077666 0.604564 0.427631 0.469491 0.341692 0.599306 0.127794 0.371928 0.156206 0.268994 0.440750 0.380519
0.663338 0.205883 0.549985 0.906214 0.547520 0.865049 0.610876 0.186611 0.462350 0.685130 0.324190 0.000000 0.383907 0.604333 0.487673 0.585520 0.253331 0.401743 0.473591 0.668532 0.844684 0.914205 0.477597 0.806985 0.302114 0.245481 0.668270 0.682244 0.468021 0.441932 0.400873 0.172097 0.712317 0.058300 0.810100 0.276958 0.925027 0.526726 0.151547 0.676865 0.738127 0.546287 0.742381 0.294192 0.346884 0.423107 0.806566 0.521336 0.765889 0.584230 0.552406 0.671776 0.587818 0.057053 0.669959 0.778603 0.222955 0.497317 0.581651 0.428185 0.690676 0.170960 0.693947 0.195872 0.795079 0.666323 0.318406 0.282893 0.116897 0.736202 0.598990 0.290962 0.120055 0.580043 0.822844 0.195031 0.619149 0.333733 0.445718 0.614742 0.517248 0.713097 0.384591 0.365096 0.600373 0.375472 0.558536 0.207336 0.349261 0.701275 0.406882 0.769016 0.506323 0.672715 0.223078 0.084608 0.261012 0.072690 0.734382 0.235258
0.298565 0.231679 0.555158 0.676062 0.327164 0.585385 0.241598 0.199536 0.116450 0.313036 0.364393 0.383907 0.000000 0.497783 0.245267 0.223520 0.186336 0.570345 0.096780 0.420368 0.602727 0.623288 0.393437 0.625734 0.100742 0.139473 0.697033 0.395323 0.568145 0.121505 0.322781 0.466847 0.372063 0.326755 0.493090 0.512550 0.661076 0.160854 0.264493 0.300128 0.738637 0.494319 0.381285 0.398604 0.081940 0.050494 0.553152 0.142206 0.626600 0.680688 0.377747 0.459460 0.287037 0.345625 0.727207 0.505108 0.487588 0.503387 0.200391 0.172604 0.557748 0.285869 0.505149 0.195586 0.457799 0.309448 0.144037 0.250343 0.473422 0.559907 0.635984 0.110129 0.388623 0.199390 0.530967 0.432458 0.273222 0.456570 0.448618 0.591471 0.185780 0.668053 0.502805 0.099538 0.342734 0.425773 0.427890 0.323532 0.304022 0.317808 0.068125 0.560118 0.192802 0.289191 0.401794 0.468513 0.463048 0.399908 0.769087 0.190465
0.702891 0.425899 0.161870 0.342337 0.200146 0.375747 0.468930 0.541035 0.416491 0.505959 0.284020 0.604333 0.497783 0.000000 0.266010 0.655901 0.407201 0.378537 0.551430 0.226189 0.306569 0.429729 0.128406 0.216567 0.550265 0.519565 0.257499 0.297546 0.289800 0.615339 0.211406 0.518864 0.419117 0.564390 0.411517 0.454210 0.397259 0.608267 0.611584 0.667866 0.265838 0.084265 0.491392 0.330069 0.427145 0.469210 0.295895 0.486168 0.161759 0.323771 0.132680 0.168415 0.315458 0.616629 0.307097 0.311482 0.486304 0.164458 0.513450 0.327234 0.087811 0.438129 0.141915 0.482808 0.450154 0.447060 0.384406 0.338019 0.594153 0.154265 0.229915 0.448850 0.501615 0.588595 0.369308 0.459494 0.406772 0.326523 0.181583 0.138155 0.662160 0.177728 0.311813 0.590807 0.240920 0.252984 0.070631 0.397236 0.260315 0.592534 0.564905 0.212025 0.353439 0.611110 0.407874 0.655898 0.416303 0.552712 0.317162 0.601425
0.441531 0.281826 0.365024 0.444452 0.082094 0.379917 0.225715 0.354506 0.150999 0.283245 0.270756 0.487673 0.245267 0.266010 0.000000 0.390603 0.236460 0.472447 0.286572 0.189841 0.374575 0.427397 0.194663 0.381581 0.319809 0.311708 0.498909 0.194612 0.428757 0.355667 0.168196 0.483088 0.249249 0.433066 0.325500 0.474612 0.445857 0.342272 0.432639 0.411570 0.525134 0.286556 0.303614 0.327527 0.192009 0.208694 0.329664 0.221518 0.382172 0.518430 0.136606 0.217053 0.111337 0.475494 0.539243 0.293705 0.476973 0.325023 0.255904 0.076413 0.315518 0.324380 0.260335 0.308249 0.321812 0.235018 0.179328 0.216618 0.529895 0.314815 0.449051 0.234890 0.427359 0.325426 0.335378 0.428027 0.183476 0.367827 0.285122 0.382037 0.397238 0.443006 0.393227 0.343923 0.114901 0.303220 0.195741 0.318927 0.193979 0.353851 0.308654 0.319474 0.091228 0.361319 0.377599 0.562458 0.422345 0.464994 0.567194 0.392242
0.077877 0.454738 0.746045 0.738707 0.459254 0.615451 0.224440 0.400077 0.244396 0.253513 0.580131 0.585520 0.223520 0.655901 0.390603 0.000000 0.409763 0.789948 0.128149 0.508151 0.664525 0.636871 0.575987 0.728247 0.283706 0.344648 0.884787 0.453542 0.779011 0.146387 0.519816 0.687317 0.367030 0.531989 0.495196 0.736069 0.696839 0.062684 0.444621 0.103082 0.915276 0.673782 0.332165 0.618943 0.299561 0.214642 0.612196 0.169862 0.753316 0.885763 0.524085 0.566017 0.364880 0.538530 0.921144 0.553600 0.710359 0.699039 0.158646 0.342920 0.695708 0.508277 0.619204 0.412282 0.437329 0.292904 0.361780 0.469605 0.685880 0.673650 0.829608 0.333440 0.607811 0.074669 0.556404 0.655364 0.293961 0.675775 0.648852 0.770723 0.083513 0.833370 0.719404 0.222045 0.442677 0.637608 0.586080 0.547043 0.512621 0.190228 0.179780 0.652667 0.302773 0.139954 0.625298 0.668689 0.686449 0.613228 0.954774 0.357637
0.484028 0.053069 0.415143 0.669992 0.303322 0.616132 0.371636 0.133994 0.222686 0.445434 0.193613 0.253331 0.186336 0.407201 0.236460 0.409763 0.000000 0.388369 0.282177 0.422552 0.604013 0.663851 0.281769 0.585503 0.171257 0.120057 0.555028 0.430292 0.398767 0.294473 0.197957 0.289536 0.460704 0.197305 0.556835 0.326468 0.679977 0.347137 0.207559 0.480957 0.608764 0.375018 0.495612 0.217145 0.115484 0.204603 0.562325 0.296049 0.560700 0.516914 0.322250 0.435217 0.334487 0.239123 0.576575 0.529769 0.304257 0.359497 0.356051 0.174925 0.485441 0.107475 0.465991 0.077345 0.542489 0.419458 0.067309 0.080427 0.313269 0.514437 0.488561 0.078059 0.216725 0.378825 0.571660 0.249042 0.370202 0.276269 0.301263 0.465193 0.367218 0.554917 0.326027 0.234456 0.350791 0.259529 0.346785 0.137412 0.156944 0.477842 0.242198 0.536594 0.255039 0.459491 0.215593 0.331955 0.276714 0.242089 0.627408 0.197340
0.860017 0.356898 0.236891 0.720009 0.471218 0.745840 0.690630 0.469947 0.565023 0.754239 0.212469 0.401743 0.570345 0.378537 0.472447 0.789948 0.388369 0.000000 0.662090 0.565536 0.684174 0.800478 0.309561 0.589306 0.554232 0.493095 0.299833 0.619726 0.100773 0.682783 0.304264 0.239662 0.713653 0.398424 0.753170 0.131993 0.774904 0.728352 0.501457 0.847196 0.377337 0.294405 0.774373 0.171808 0.490791 0.575996 0.668149 0.649146 0.516451 0.190121 0.425718 0.527950 0.577881 0.445589 0.284818 0.671328 0.187246 0.214362 0.701877 0.472505 0.457059 0.318062 0.516813 0.421103 0.772624 0.707456 0.428263 0.320509 0.323740 0.532243 0.239143 0.466126 0.284165 0.747042 0.728385 0.207060 0.655852 0.114186 0.210096 0.302071 0.754620 0.391259 0.079539 0.621035 0.536199 0.169329 0.382189 0.262669 0.287613 0.815598 0.630094 0.590171 0.550472 0.811571 0.195222 0.405566 0.142022 0.329315 0.353959 0.547154
0.201952 0.328407 0.628067 0.682894 0.363298 0.575800 0.194362 0.287085 0.135677 0.255307 0.452996 0.473591 0.096780 0.551430 0.286572 0.128149 0.282177 0.662090 0.000000 0.435096 0.608198 0.606918 0.460349 0.651376 0.174646 0.228335 0.768584 0.394432 0.653602 0.085821 0.398265 0.563418 0.340564 0.417667 0.469007 0.608642 0.655238 0.066304 0.343037 0.204705 0.804020 0.560155 0.331693 0.490911 0.171460 0.089144 0.556516 0.095673 0.664580 0.762570 0.423150 0.484758 0.291464 0.431256 0.802437 0.502517 0.584331 0.578982 0.134908 0.227296 0.600978 0.382648 0.535128 0.290607 0.422949 0.269169 0.233831 0.341633 0.567625 0.590476 0.710798 0.206835 0.484860 0.106564 0.518229 0.529181 0.247299 0.547950 0.526867 0.657731 0.110745 0.726880 0.592205 0.130934 0.361533 0.511657 0.480815 0.419578 0.387271 0.237537 0.074804 0.579949 0.209036 0.201624 0.497767 0.557976 0.558691 0.494279 0.839652 0.260130
0.536593 0.463769 0.381966 0.256599 0.121102 0.198166 0.290537 0.544207 0.308560 0.305247 0.401820 0.668532 0.420368 0.226189 0.189841 0.508151 0.422552 0.565536 0.435096 0.000000 0.185116 0.250168 0.256573 0.220098 0.504859 0.501179 0.482139 0.074272 0.492928 0.515708 0.292052 0.638236 0.200554 0.616215 0.189855 0.605481 0.257439 0.475742 0.622283 0.491927 0.479271 0.295674 0.273894 0.459815 0.379139 0.375741 0.140052 0.347027 0.255062 0.546647 0.140825 0.067132 0.144769 0.661186 0.532835 0.113048 0.621169 0.367238 0.350690 0.264355 0.216409 0.499888 0.120246 0.496580 0.223975 0.245415 0.368761 0.387589 0.696644 0.170037 0.455499 0.424505 0.594467 0.434161 0.165996 0.579324 0.219842 0.482313 0.355643 0.364111 0.539476 0.382520 0.488636 0.519703 0.077956 0.406419 0.188077 0.482352 0.337934 0.398384 0.476314 0.145395 0.229947 0.428154 0.525817 0.738720 0.557299 0.637548 0.537225 0.580946
0.679234 0.642381 0.464163 0.074774 0.300744 0.095574 0.440123 0.728307 0.488560 0.429244 0.555467 0.844684 0.602727 0.306569 0.374575 0.664525 0.604013 0.684174 0.608198 0.185116 0.000000 0.138285 0.394675 0.135440 0.689449 0.686181 0.519374 0.214051 0.596253 0.691583 0.452347 0.796828 0.307889 0.794408 0.207410 0.748526 0.090744 0.641147 0.806225 0.628588 0.488120 0.390733 0.369603 0.610492 0.564200 0.556455 0.052352 0.515464 0.219369 0.616426 0.294721 0.173878 0.318378 0.841145 0.573508 0.111938 0.772758 0.470829 0.506378 0.449459 0.240480 0.674199 0.168033 0.679275 0.273666 0.376432 0.552738 0.561830 0.862285 0.158726 0.517359 0.609433 0.761928 0.589945 0.133593 0.736832 0.371039 0.620792 0.479739 0.420555 0.706988 0.392923 0.614261 0.701495 0.262643 0.544046 0.310196 0.649992 0.502417 0.521841 0.655679 0.094835 0.410319 0.561956 0.683065 0.910893 0.704954 0.808045 0.554803 0.766062
0.635727 0.708415 0.590875 0.168069 0.369835 0.054646 0.418861 0.776848 0.506984 0.385215 0.650581 0.914205 0.623288 0.429729 0.427397 0.636871 0.663851 0.800478 0.606918 0.250168 0.138285 0.000000 0.498111 0.273401 0.718710 0.727751 0.655462 0.235006 0.717973 0.692712 0.541667 0.888276 0.270831 0.860267 0.141675 0.851943 0.081992 0.626329 0.854770 0.581355 0.626220 0.512153 0.311164 0.708068 0.601995 0.573596 0.133838 0.511245 0.357603 0.747843 0.386493 0.273051 0.340330 0.902799 0.709523 0.137190 0.870110 0.590929 0.486260 0.494482 0.373318 0.747537 0.287830 0.734445 0.203459 0.345392 0.604631 0.635879 0.946524 0.292072 0.649547 0.653459 0.844174 0.564921 0.093353 0.829205 0.359625 0.726475 0.591612 0.552556 0.692956 0.530535 0.726812 0.717368 0.313833 0.649667 0.418807 0.732208 0.588085 0.468938 0.665803 0.226098 0.434530 0.515601 0.775595 0.986641 0.805063 0.886388 0.692710 0.802543
0.632416 0.297817 0.171102 0.444663 0.166593 0.443711 0.419355 0.414907 0.331593 0.471782 0.163535 0.477597 0.393437 0.128406 0.194663 0.575987 0.281769 0.309561 0.460349 0.256573 0.394675 0.498111 0.000000 0.332324 0.433522 0.397324 0.308862 0.310763 0.245120 0.514323 0.084021 0.404411 0.412026 0.436398 0.443610 0.354898 0.483474 0.522255 0.484095 0.605180 0.345315 0.100882 0.477832 0.216297 0.316670 0.373074 0.369581 0.410772 0.288737 0.324749 0.116189 0.225968 0.282740 0.488443 0.346137 0.365008 0.378186 0.131082 0.449864 0.233680 0.213224 0.310113 0.229236 0.356159 0.465027 0.418213 0.266751 0.210093 0.474923 0.263099 0.255187 0.330198 0.378804 0.515444 0.421093 0.344328 0.369772 0.228428 0.101366 0.198226 0.569354 0.277731 0.232101 0.480377 0.229546 0.151560 0.085637 0.271353 0.131918 0.547473 0.461556 0.306678 0.285296 0.555972 0.291018 0.532430 0.310313 0.428761 0.379416 0.478043
0.755278 0.615000 0.357252 0.136206 0.299581 0.229891 0.509431 0.717400 0.520244 0.515948 0.495127 0.806985 0.625734 0.216567 0.381581 0.728247 0.585503 0.589306 0.651376 0.220098 0.135440 0.273401 0.332324 0.000000 0.700130 0.684247 0.391931 0.281401 0.494702 0.729295 0.406133 0.733678 0.399762 0.762181 0.325703 0.670716 0.212916 0.694870 0.792954 0.709000 0.354950 0.297340 0.469384 0.544514 0.571837 0.585139 0.162054 0.565943 0.086947 0.497752 0.263572 0.167063 0.364172 0.812512 0.445884 0.214624 0.702520 0.375805 0.570672 0.457371 0.132369 0.636926 0.121821 0.662833 0.386920 0.457833 0.545871 0.528589 0.806729 0.071257 0.398449 0.608157 0.711113 0.654238 0.256903 0.673920 0.438398 0.543090 0.398144 0.303999 0.757762 0.262072 0.526656 0.724973 0.289898 0.469189 0.248706 0.602705 0.457728 0.610183 0.686370 0.078182 0.442950 0.643985 0.621448 0.864544 0.632645 0.760811 0.422252 0.766736
0.361581 0.197597 0.581201 0.761445 0.401040 0.678736 0.342007 0.116420 0.212958 0.412659 0.364866 0.302114 0.100742 0.550265 0.319809 0.283706 0.171257 0.554232 0.174646 0.504859 0.689449 0.718710 0.433522 0.700130 0.000000 0.065014 0.722466 0.487411 0.569895 0.143384 0.353733 0.411875 0.472018 0.248305 0.591213 0.475634 0.752485 0.224636 0.168665 0.375301 0.772370 0.532294 0.481917 0.385343 0.128293 0.150690 0.641390 0.241278 0.691433 0.688161 0.442093 0.536836 0.379410 0.257273 0.746268 0.596453 0.441597 0.526385 0.297237 0.243415 0.619138 0.243351 0.578356 0.138836 0.557850 0.410172 0.166824 0.250517 0.403091 0.631695 0.657231 0.103810 0.331258 0.280871 0.625782 0.388359 0.373120 0.444602 0.468698 0.626493 0.220162 0.711184 0.495798 0.069558 0.426966 0.430676 0.483207 0.293240 0.321519 0.410138 0.104833 0.639263 0.284587 0.376208 0.368829 0.385807 0.430909 0.331173 0.795005 0.089909
0.422396 0.136440 0.535193 0.756075 0.389444 0.684522 0.375755 0.060072 0.233827 0.448928 0.310953 0.245481 0.139473 0.519565 0.311708 0.344648 0.120057 0.493095 0.228335 0.501179 0.686181 0.727751 0.397324 0.684247 0.065014 0.000000 0.675012 0.493310 0.513922 0.207620 0.314605 0.347106 0.494372 0.189338 0.606838 0.411158 0.754848 0.283968 0.130544 0.432392 0.728647 0.493091 0.512968 0.326291 0.125869 0.182837 0.640382 0.280187 0.667781 0.633481 0.421766 0.525547 0.387761 0.206191 0.695840 0.599969 0.376603 0.479552 0.339431 0.237018 0.593674 0.179244 0.562746 0.074181 0.579912 0.438563 0.138560 0.200353 0.341272 0.614227 0.608323 0.076907 0.266553 0.334651 0.634398 0.323479 0.396474 0.385289 0.421310 0.584568 0.284396 0.672996 0.437529 0.134560 0.424493 0.377339 0.455525 0.230871 0.276476 0.457247 0.164893 0.628368 0.295274 0.427368 0.305250 0.330013 0.367161 0.268598 0.747355 0.082728
0.939933 0.549741 0.142044 0.526877 0.448539 0.605050 0.717138 0.675500 0.640396 0.759965 0.369332 0.668270 0.697033 0.257499 0.498909 0.884787 0.555028 0.299833 0.768584 0.482139 0.519374 0.655462 0.308862 0.391931 0.722466 0.675012 0.000000 0.554592 0.206550 0.818536 0.374363 0.526721 0.676591 0.648048 0.662111 0.426165 0.603844 0.831005 0.729953 0.910255 0.077999 0.212363 0.748717 0.378246 0.617136 0.680590 0.525926 0.718643 0.305196 0.128488 0.381079 0.420188 0.567814 0.700541 0.054138 0.555340 0.477740 0.196083 0.754527 0.542478 0.284012 0.535418 0.380657 0.617142 0.705374 0.701984 0.560613 0.474660 0.612156 0.363753 0.069608 0.619398 0.548878 0.823238 0.611353 0.480009 0.659114 0.334609 0.253939 0.120459 0.876760 0.132285 0.285761 0.777200 0.496642 0.304659 0.314734 0.479427 0.400967 0.843482 0.764880 0.429701 0.590096 0.857595 0.445193 0.690554 0.416285 0.600304 0.072546 0.748505
0.475077 0.476427 0.449349 0.288824 0.152175 0.191571 0.230545 0.541863 0.279275 0.235474 0.441592 0.682244 0.395323 0.297546 0.194612 0.453542 0.430292 0.619726 0.394432 0.074272 0.214051 0.235006 0.310763 0.281401 0.487411 0.493310 0.554592 0.000000 0.553296 0.478354 0.330841 0.670098 0.126465 0.627358 0.136413 0.647905 0.265754 0.427507 0.619822 0.427818 0.553359 0.362369 0.199757 0.500141 0.367806 0.347177 0.162129 0.301413 0.325791 0.614230 0.195808 0.141109 0.108331 0.668745 0.604642 0.109861 0.658211 0.429931 0.294898 0.259513 0.290532 0.518351 0.193003 0.499774 0.155810 0.176633 0.369914 0.408635 0.721937 0.239633 0.525304 0.418599 0.619214 0.378890 0.141906 0.612787 0.159808 0.529155 0.411934 0.435699 0.493123 0.456754 0.541264 0.492524 0.087536 0.455381 0.252472 0.508742 0.371236 0.329500 0.444431 0.203506 0.203105 0.362602 0.560320 0.756883 0.597727 0.658611 0.610809 0.569308
0.844412 0.379437 0.138451 0.627531 0.411694 0.663577 0.653538 0.502067 0.542270 0.711535 0.205734 0.468021 0.568145 0.289800 0.428757 0.779011 0.398767 0.100773 0.653602 0.492928 0.596253 0.717973 0.245120 0.494702 0.569895 0.513922 0.206550 0.553296 0.000000 0.686529 0.265602 0.320459 0.657122 0.453938 0.682648 0.220044 0.686863 0.719504 0.546198 0.825324 0.282337 0.206068 0.722285 0.191497 0.486310 0.564889 0.584440 0.626284 0.419103 0.121097 0.357533 0.448434 0.526170 0.504889 0.202011 0.593395 0.271190 0.127233 0.674016 0.444567 0.363271 0.352803 0.431011 0.447242 0.708646 0.660338 0.424224 0.321528 0.405934 0.441041 0.141504 0.472810 0.347968 0.728482 0.651172 0.275901 0.610390 0.137593 0.145050 0.201836 0.753860 0.290586 0.083980 0.632502 0.474358 0.142376 0.305255 0.294959 0.266437 0.781130 0.632533 0.501537 0.514284 0.783220 0.246597 0.485095 0.210954 0.398042 0.267839 0.578482
0.223131 0.331778 0.676662 0.766142 0.435650 0.661225 0.279173 0.258849 0.209104 0.336622 0.481459 0.441932 0.121505 0.615339 0.355667 0.146387 0.294473 0.682783 0.085821 0.515708 0.691583 0.692712 0.514323 0.729295 0.143384 0.207620 0.818536 0.478354 0.686529 0.000000 0.444280 0.554651 0.426160 0.390063 0.554787 0.613868 0.740398 0.096417 0.298631 0.245746 0.859631 0.615180 0.414497 0.511265 0.202435 0.147054 0.640191 0.181478 0.737438 0.800559 0.491374 0.562244 0.373652 0.393404 0.848549 0.587041 0.582605 0.624794 0.216868 0.288142 0.671065 0.381836 0.611056 0.279774 0.508023 0.354238 0.262877 0.365979 0.545923 0.666357 0.757395 0.216674 0.474150 0.166486 0.603821 0.528599 0.333086 0.570130 0.569761 0.712498 0.076800 0.787577 0.618388 0.076839 0.440466 0.544374 0.544954 0.427366 0.424336 0.305811 0.054176 0.659618 0.286630 0.262695 0.504875 0.524265 0.567007 0.474377 0.890574 0.211468
0.581921 0.214576 0.232402 0.509056 0.178722 0.488593 0.389454 0.330897 0.278572 0.450706 0.110824 0.400873 0.322781 0.211406 0.168196 0.519816 0.197957 0.304264 0.398265 0.292052 0.452347 0.541667 0.084021 0.406133 0.353733 0.314605 0.374363 0.330841 0.265602 0.444280 0.000000 0.346935 0.412172 0.356755 0.467236 0.317083 0.537822 0.462670 0.400296 0.560528 0.419380 0.178877 0.470669 0.169356 0.242833 0.309277 0.420366 0.361896 0.369601 0.366260 0.157986 0.278683 0.274886 0.407985 0.404987 0.404931 0.329315 0.181092 0.408462 0.179796 0.293812 0.230959 0.294426 0.272140 0.477007 0.403193 0.188098 0.126648 0.409940 0.335335 0.313520 0.249945 0.309922 0.465226 0.457432 0.287599 0.351649 0.201841 0.129038 0.272919 0.504315 0.358556 0.225038 0.404298 0.243601 0.135030 0.158076 0.198658 0.051628 0.516387 0.390541 0.370779 0.249469 0.517619 0.233934 0.460943 0.267030 0.357375 0.446568 0.394695
0.764092 0.237981 0.426878 0.849041 0.520897 0.835435 0.657977 0.301683 0.510803 0.730735 0.241502 0.172097 0.466847 0.518864 0.483088 0.687317 0.289536 0.239662 0.563418 0.638236 0.796828 0.888276 0.404411 0.733678 0.411875 0.347106 0.526721 0.670098 0.320459 0.554651 0.346935 0.000000 0.729305 0.188825 0.805481 0.108768 0.883778 0.625095 0.302658 0.766576 0.601237 0.446349 0.773888 0.189167 0.404444 0.492642 0.766924 0.585574 0.677881 0.428463 0.504337 0.624235 0.593495 0.224315 0.520066 0.751278 0.052953 0.381282 0.645565 0.445350 0.606482 0.182669 0.633445 0.275591 0.804815 0.698814 0.353680 0.268687 0.085476 0.666245 0.459742 0.357854 0.080668 0.664959 0.802533 0.060095 0.647419 0.202219 0.340923 0.495111 0.631366 0.593001 0.242649 0.481093 0.582915 0.267182 0.490047 0.165314 0.300485 0.767309 0.509441 0.710881 0.530776 0.748544 0.113765 0.166060 0.111720 0.101523 0.587605 0.371465
0.373060 0.512045 0.564248 0.379502 0.245433 0.248900 0.148595 0.550033 0.261065 0.121478 0.518953 0.712317 0.372063 0.419117 0.249249 0.367030 0.460704 0.713653 0.340564 0.200554 0.307889 0.270831 0.412026 0.399762 0.472018 0.494372 0.676591 0.126465 0.657122 0.426160 0.412172 0.729305 0.000000 0.654757 0.129815 0.723763 0.330313 0.355758 0.624889 0.321241 0.678601 0.477366 0.073346 0.576332 0.371563 0.321614 0.257056 0.245660 0.450705 0.728230 0.304326 0.267549 0.138150 0.689093 0.725416 0.196372 0.725665 0.538696 0.215616 0.287416 0.416947 0.561179 0.319277 0.519058 0.085869 0.074568 0.394225 0.460707 0.769740 0.364284 0.643177 0.427513 0.668538 0.294350 0.189913 0.675750 0.098898 0.613969 0.512589 0.556706 0.422302 0.582530 0.634145 0.459089 0.184555 0.545040 0.367135 0.564090 0.442912 0.214134 0.404735 0.321754 0.206005 0.254509 0.626207 0.792525 0.671574 0.701102 0.734829 0.560427
0.609866 0.152449 0.523187 0.857434 0.495536 0.811762 0.552581 0.131915 0.404066 0.626840 0.290839 0.058300 0.326755 0.564390 0.433066 0.531989 0.197305 0.398424 0.417667 0.616215 0.794408 0.860267 0.436398 0.762181 0.248305 0.189338 0.648048 0.627358 0.453938 0.390063 0.356755 0.188825 0.654757 0.000000 0.753995 0.282995 0.873319 0.472338 0.114025 0.621622 0.714978 0.511439 0.684198 0.269905 0.288595 0.365174 0.755039 0.463373 0.725100 0.573190 0.504256 0.622412 0.531453 0.053374 0.654274 0.725301 0.233619 0.468840 0.523775 0.371678 0.649470 0.126287 0.647029 0.137580 0.737832 0.608169 0.261333 0.234335 0.157214 0.691078 0.578443 0.232664 0.116925 0.523905 0.768444 0.193733 0.561190 0.316725 0.414567 0.585652 0.466151 0.683094 0.369976 0.313481 0.546604 0.347829 0.514818 0.172857 0.305594 0.643698 0.352584 0.721097 0.448826 0.615849 0.207838 0.142288 0.256552 0.090751 0.716329 0.189291
0.495374 0.605219 0.570459 0.270689 0.288532 0.128267 0.278366 0.659471 0.378259 0.243943 0.578001 0.810100 0.493090 0.411517 0.325500 0.495196 0.556835 0.753170 0.469007 0.189855 0.207410 0.141675 0.443610 0.325703 0.591213 0.606838 0.662111 0.136413 0.682648 0.554787 0.467236 0.805481 0.129815 0.753995 0.000000 0.784278 0.207657 0.485563 0.736305 0.441535 0.649186 0.484807 0.172185 0.636550 0.481387 0.442735 0.164956 0.373554 0.394592 0.734587 0.327502 0.243332 0.222706 0.792699 0.714425 0.112725 0.794440 0.557093 0.345420 0.382439 0.382193 0.649675 0.282306 0.622323 0.067519 0.204198 0.493345 0.541778 0.855255 0.311890 0.641356 0.535504 0.752625 0.423363 0.074236 0.748566 0.222855 0.664921 0.543986 0.547420 0.552083 0.550882 0.675319 0.584005 0.223879 0.590551 0.377930 0.643083 0.507388 0.329905 0.530856 0.253908 0.311680 0.375332 0.696326 0.886887 0.734140 0.790394 0.711405 0.677699
0.810485 0.282619 0.339898 0.793941 0.495746 0.797804 0.673608 0.376152 0.533697 0.743174 0.206537 0.276958 0.512550 0.454210 0.474612 0.736069 0.326468 0.131993 0.608642 0.605481 0.748526 0.851943 0.354898 0.670716 0.475634 0.411158 0.426165 0.647905 0.220044 0.613868 0.317083 0.108768 0.723763 0.282995 0.784278 0.000000 0.837964 0.673400 0.393138 0.805882 0.502370 0.374878 0.776296 0.148127 0.439964 0.529120 0.724460 0.614477 0.606878 0.321917 0.465798 0.580781 0.585636 0.325381 0.415448 0.717013 0.055837 0.301470 0.672043 0.453384 0.539691 0.232423 0.581247 0.336978 0.792704 0.703964 0.381320 0.279085 0.191857 0.606991 0.361416 0.402830 0.166082 0.703799 0.771474 0.091131 0.651656 0.128161 0.272678 0.408338 0.689212 0.503817 0.151233 0.544933 0.560678 0.204507 0.438356 0.189064 0.280914 0.791637 0.564353 0.658034 0.537825 0.779492 0.110933 0.273970 0.052955 0.204402 0.483960 0.451253
0.701801 0.720887 0.554191 0.090116 0.377784 0.081422 0.474385 0.800161 0.544954 0.449579 0.642863 0.925027 0.661076 0.397259 0.445857 0.696839 0.679977 0.774904 0.655238 0.257439 0.090744 0.081992 0.483474 0.212916 0.752485 0.754848 0.603844 0.265754 0.686863 0.740398 0.537822 0.883778 0.330313 0.873319 0.207657 0.837964 0.000000 0.680850 0.878337 0.648506 0.567596 0.481449 0.379821 0.698590 0.630519 0.612776 0.118518 0.560186 0.299756 0.704591 0.379843 0.259544 0.374069 0.918602 0.657930 0.156093 0.861055 0.561561 0.542028 0.518134 0.329124 0.755434 0.258504 0.753692 0.273968 0.403968 0.625185 0.642899 0.947386 0.247818 0.605291 0.678815 0.846265 0.623382 0.140462 0.823922 0.409903 0.710467 0.570077 0.508837 0.747487 0.474885 0.704771 0.758037 0.331170 0.633607 0.399677 0.734055 0.587029 0.537379 0.709050 0.185326 0.468722 0.582037 0.770101 0.993466 0.793736 0.891266 0.635046 0.832761
0.139067 0.392078 0.691161 0.715857 0.415303 0.600044 0.207487 0.340525 0.192350 0.253532 0.519271 0.526726 0.160854 0.608267 0.342272 0.062684 0.347137 0.728352 0.066304 0.475742 0.641147 0.626329 0.522255 0.694870 0.224636 0.283968 0.831005 0.427507 0.719504 0.096417 0.462670 0.625095 0.355758 0.472338 0.485563 0.673400 0.680850 0.000000 0.388963 0.151735 0.864295 0.621280 0.333038 0.557099 0.237631 0.154634 0.588901 0.128945 0.713999 0.827771 0.477929 0.529876 0.330989 0.481216 0.865921 0.532235 0.647753 0.642912 0.140143 0.288576 0.653199 0.445700 0.581872 0.350414 0.432902 0.281445 0.300090 0.407869 0.625177 0.636948 0.774285 0.270757 0.545782 0.072431 0.541373 0.592736 0.271460 0.614224 0.591539 0.718669 0.066698 0.784916 0.658492 0.167137 0.405862 0.577689 0.537883 0.484385 0.453094 0.211550 0.119848 0.621123 0.258453 0.166761 0.562644 0.610421 0.623841 0.552268 0.901645 0.302845
0.521745 0.187218 0.597153 0.874125 0.506173 0.810149 0.504646 0.078182 0.364344 0.577106 0.361735 0.151547 0.264493 0.611584 0.432639 0.444621 0.207559 0.501457 0.343037 0.622283 0.806225 0.854770 0.484095 0.792954 0.168665 0.130544 0.729953 0.619822 0.546198 0.298631 0.400296 0.302658 0.624889 0.114025 0.736305 0.393138 0.878337 0.388963 0.000000 0.540664 0.791904 0.571141 0.642791 0.355632 0.254944 0.311130 0.762255 0.406695 0.767372 0.667105 0.529524 0.640450 0.515854 0.097267 0.742045 0.724762 0.345986 0.541256 0.464389 0.360881 0.691858 0.194874 0.673060 0.130230 0.710383 0.568760 0.253548 0.274114 0.266191 0.721939 0.660781 0.201433 0.227995 0.448797 0.761494 0.302376 0.527014 0.409089 0.483944 0.654650 0.371730 0.749022 0.463386 0.222620 0.547167 0.425316 0.553446 0.252073 0.353416 0.578725 0.270988 0.742554 0.424635 0.544660 0.306593 0.228763 0.361545 0.204368 0.800483 0.087292
0.055769 0.529759 0.776165 0.700708 0.467720 0.567626 0.202700 0.490289 0.283419 0.199850 0.634859 0.676865 0.300128 0.667866 0.411570 0.103082 0.480957 0.847196 0.204705 0.491927 0.628588 0.581355 0.605180 0.709000 0.375301 0.432392 0.910255 0.427818 0.825324 0.245746 0.560528 0.766576 0.321241 0.621622 0.441535 0.805882 0.648506 0.151735 0.540664 0.000000 0.932619 0.697914 0.270196 0.679273 0.366088 0.276802 0.577135 0.199131 0.745391 0.925149 0.535417 0.555255 0.357789 0.632416 0.950740 0.516699 0.785088 0.733624 0.155728 0.380850 0.695378 0.584683 0.609563 0.495178 0.377955 0.253057 0.425020 0.530996 0.772326 0.661711 0.860260 0.408777 0.688717 0.102150 0.509288 0.729849 0.272290 0.733556 0.688048 0.792377 0.186537 0.844973 0.773007 0.318778 0.437210 0.687109 0.600708 0.617631 0.562206 0.112942 0.270588 0.631288 0.320351 0.066739 0.695103 0.760918 0.754624 0.698983 0.977785 0.454566
0.965938 0.608414 0.194990 0.485411 0.465351 0.578652 0.734650 0.733772 0.672095 0.771010 0.430183 0.738127 0.738637 0.265838 0.525134 0.915276 0.608764 0.377337 0.804020 0.479271 0.488120 0.626220 0.345315 0.354950 0.772370 0.728647 0.077999 0.553359 0.282337 0.859631 0.419380 0.601237 0.678601 0.714978 0.649186 0.502370 0.567596 0.864295 0.791904 0.932619 0.000000 0.244507 0.751751 0.445381 0.660864 0.717736 0.502034 0.746646 0.268868 0.204361 0.397390 0.413777 0.581240 0.767930 0.114152 0.538675 0.553103 0.251081 0.777541 0.576725 0.267215 0.598673 0.367735 0.674735 0.698070 0.711701 0.607470 0.529149 0.686506 0.340242 0.141501 0.668615 0.619567 0.850415 0.592232 0.552782 0.672471 0.405644 0.309143 0.147170 0.913780 0.098307 0.359016 0.823526 0.505715 0.368007 0.331925 0.544084 0.452273 0.858305 0.806762 0.404457 0.615159 0.876699 0.515476 0.763895 0.490120 0.671529 0.067848 0.804780
0.727772 0.383970 0.087080 0.425866 0.239536 0.457867 0.505964 0.505790 0.429645 0.551893 0.222097 0.546287 0.494319 0.084265 0.286556 0.673782 0.375018 0.294405 0.560155 0.295674 0.390733 0.512153 0.100882 0.297340 0.532294 0.493091 0.212363 0.362369 0.206068 0.615180 0.178877 0.446349 0.477366 0.511439 0.484807 0.374878 0.481449 0.621280 0.571141 0.697914 0.244507 0.000000 0.547441 0.260341 0.417281 0.473407 0.378492 0.506725 0.232534 0.251879 0.174101 0.245018 0.359599 0.564600 0.254409 0.389959 0.410334 0.080195 0.542186 0.332969 0.165303 0.386785 0.224944 0.446456 0.517774 0.495225 0.365943 0.298631 0.524895 0.237913 0.167065 0.428596 0.437289 0.611221 0.447912 0.388165 0.450190 0.248663 0.105433 0.097610 0.669586 0.179942 0.229318 0.580712 0.293384 0.179305 0.110393 0.339710 0.219043 0.633045 0.562438 0.296269 0.377734 0.645723 0.338688 0.591159 0.340121 0.489496 0.281112 0.572339
0.324740 0.548245 0.634018 0.438347 0.311876 0.299813 0.140332 0.571134 0.280975 0.079642 0.574177 0.742381 0.381285 0.491392 0.303614 0.332165 0.495612 0.774373 0.331693 0.273894 0.369603 0.311164 0.477832 0.469384 0.481917 0.512968 0.748717 0.199757 0.722285 0.414497 0.470669 0.773888 0.073346 0.684198 0.172185 0.776296 0.379821 0.333038 0.642791 0.270196 0.751751 0.547441 0.000000 0.630354 0.396106 0.332358 0.320679 0.242944 0.523013 0.797293 0.373606 0.340862 0.196769 0.714311 0.797072 0.260443 0.774243 0.606308 0.197630 0.328538 0.490274 0.599945 0.392376 0.546807 0.107779 0.076209 0.428307 0.505870 0.808296 0.436580 0.713865 0.452489 0.708926 0.264693 0.242757 0.722656 0.126490 0.671387 0.577296 0.628608 0.397614 0.655813 0.694870 0.458485 0.254060 0.605111 0.437605 0.608805 0.496965 0.157910 0.402194 0.391802 0.243212 0.204674 0.675016 0.824618 0.723601 0.737691 0.807605 0.571743
0.689932 0.190165 0.255797 0.660779 0.348069 0.654349 0.533199 0.310867 0.399598 0.600779 0.058548 0.294192 0.398604 0.330069 0.327527 0.618943 0.217145 0.171808 0.490911 0.459815 0.610492 0.708068 0.216297 0.544514 0.385343 0.326291 0.378246 0.500141 0.191497 0.511265 0.169356 0.189167 0.576332 0.269905 0.636550 0.148127 0.698590 0.557099 0.355632 0.679273 0.445381 0.260341 0.630354 0.000000 0.319468 0.405694 0.583060 0.482855 0.490024 0.312583 0.321658 0.439495 0.438185 0.322650 0.386832 0.572125 0.162526 0.203712 0.537837 0.312393 0.417816 0.161436 0.445521 0.257156 0.644610 0.559107 0.257184 0.149383 0.264809 0.477177 0.308640 0.294599 0.179027 0.578263 0.625689 0.129478 0.506793 0.059281 0.155636 0.321052 0.582828 0.419638 0.111493 0.450946 0.412795 0.082462 0.301813 0.103684 0.133551 0.654812 0.458400 0.522953 0.394988 0.646965 0.078371 0.331583 0.097711 0.231696 0.447129 0.387587
0.371723 0.166522 0.475115 0.635352 0.272861 0.559221 0.264341 0.178723 0.115478 0.338661 0.283085 0.346884 0.081940 0.427145 0.192009 0.299561 0.115484 0.490791 0.171460 0.379139 0.564200 0.601995 0.316670 0.571837 0.128293 0.125869 0.617136 0.367806 0.486310 0.202435 0.242833 0.404444 0.371563 0.288595 0.481387 0.439964 0.630519 0.237631 0.254944 0.366088 0.660864 0.417281 0.396106 0.319468 0.000000 0.089329 0.517242 0.181626 0.564308 0.598778 0.314600 0.408847 0.261901 0.318613 0.646265 0.475135 0.419622 0.422669 0.242121 0.115639 0.492824 0.221817 0.450063 0.151016 0.456549 0.320345 0.062722 0.170282 0.422312 0.503462 0.555246 0.056425 0.329726 0.263947 0.508646 0.364438 0.275122 0.376717 0.367353 0.513783 0.267550 0.593432 0.421900 0.164134 0.301629 0.343935 0.358626 0.251545 0.222161 0.363974 0.148338 0.511430 0.169707 0.344159 0.329099 0.430037 0.389093 0.349390 0.689391 0.202299
0.284237 0.254732 0.539687 0.630240 0.289179 0.536425 0.193525 0.242457 0.068004 0.266202 0.365550 0.423107 0.050494 0.469210 0.208694 0.214642 0.204603 0.575996 0.089144 0.375741 0.556455 0.573596 0.373074 0.585139 0.150690 0.182837 0.680590 0.347177 0.564889 0.147054 0.309277 0.492642 0.321614 0.365174 0.442735 0.529120 0.612776 0.154634 0.311130 0.276802 0.717736 0.473407 0.332358 0.405694 0.089329 0.000000 0.506316 0.098237 0.590711 0.673440 0.344335 0.418208 0.239183 0.388190 0.713769 0.457038 0.508849 0.490145 0.158625 0.142200 0.524017 0.310009 0.465733 0.229741 0.407378 0.259712 0.149044 0.256400 0.506395 0.520891 0.622151 0.136542 0.416700 0.174685 0.481531 0.453642 0.222754 0.461820 0.437768 0.571012 0.196297 0.642854 0.504822 0.145381 0.298768 0.423173 0.398674 0.340860 0.298466 0.279331 0.101241 0.517480 0.146216 0.256194 0.418309 0.507459 0.478030 0.432973 0.751934 0.239977
0.627453 0.602638 0.457085 0.126957 0.259560 0.080259 0.387809 0.684150 0.438337 0.378140 0.526648 0.806566 0.553152 0.295895 0.329664 0.612196 0.562325 0.668149 0.556516 0.140052 0.052352 0.133838 0.369581 0.162054 0.641390 0.640382 0.525926 0.162129 0.584440 0.640191 0.420366 0.766924 0.257056 0.755039 0.164956 0.724460 0.118518 0.588901 0.762255 0.577135 0.502034 0.378492 0.320679 0.583060 0.517242 0.506316 0.000000 0.463471 0.237411 0.614811 0.262590 0.143737 0.267579 0.800640 0.579752 0.060695 0.745578 0.457533 0.454027 0.403364 0.242176 0.636916 0.153993 0.636601 0.228873 0.324624 0.508769 0.524381 0.829462 0.162620 0.516936 0.563901 0.728120 0.537607 0.094857 0.707223 0.318688 0.597768 0.460266 0.420051 0.654803 0.404660 0.595518 0.651565 0.215895 0.520799 0.287841 0.615874 0.469119 0.471184 0.605019 0.097580 0.360432 0.510579 0.653404 0.874984 0.679041 0.772869 0.567208 0.719458
0.221680 0.347944 0.581753 0.590237 0.289550 0.480460 0.102781 0.340088 0.084359 0.171409 0.436678 0.521336 0.142206 0.486168 0.221518 0.169862 0.296049 0.649146 0.095673 0.347027 0.515464 0.511245 0.410772 0.565943 0.241278 0.280187 0.718643 0.301413 0.626284 0.181478 0.361896 0.585574 0.245660 0.463373 0.373554 0.614477 0.560186 0.128945 0.406695 0.199131 0.746646 0.506725 0.242944 0.482855 0.181626 0.098237 0.463471 0.000000 0.585924 0.727413 0.354230 0.400997 0.202263 0.486059 0.756890 0.408380 0.598399 0.537156 0.060739 0.182100 0.526607 0.403156 0.453190 0.327525 0.329084 0.175846 0.234064 0.336391 0.603118 0.508182 0.665746 0.233340 0.511350 0.104673 0.422716 0.543500 0.151628 0.535938 0.490016 0.603041 0.192641 0.663739 0.574292 0.215999 0.276989 0.488027 0.416526 0.428856 0.363264 0.182410 0.160260 0.492421 0.132911 0.165016 0.504632 0.605661 0.562331 0.529872 0.787809 0.331102
0.788097 0.583726 0.280657 0.221875 0.301875 0.311283 0.542916 0.694555 0.529764 0.560159 0.445566 0.765889 0.626600 0.161759 0.382172 0.753316 0.560700 0.516451 0.664580 0.255062 0.219369 0.357603 0.288737 0.086947 0.691433 0.667781 0.305196 0.325791 0.419103 0.737438 0.369601 0.677881 0.450705 0.725100 0.394592 0.606878 0.299756 0.713999 0.767372 0.745391 0.268868 0.232534 0.523013 0.490024 0.564308 0.590711 0.237411 0.585924 0.000000 0.413494 0.249812 0.190158 0.389952 0.776990 0.359076 0.281874 0.642825 0.306597 0.599292 0.454299 0.075789 0.598823 0.135833 0.637517 0.451064 0.500433 0.529786 0.495857 0.754699 0.086436 0.314602 0.593874 0.663179 0.680990 0.330849 0.619050 0.473197 0.481186 0.337403 0.222450 0.773897 0.175143 0.458897 0.724019 0.310963 0.410777 0.213956 0.558920 0.419905 0.653444 0.690806 0.141264 0.456241 0.682493 0.568211 0.817494 0.572609 0.714407 0.335857 0.750432
0.948070 0.499815 0.164894 0.633954 0.486244 0.695059 0.743857 0.622981 0.644644 0.796105 0.323302 0.584230 0.680688 0.323771 0.518430 0.885763 0.516914 0.190121 0.762570 0.546647 0.616426 0.747843 0.324749 0.497752 0.688161 0.633481 0.128488 0.614230 0.121097 0.800559 0.366260 0.428463 0.728230 0.573190 0.734587 0.321917 0.704591 0.827771 0.667105 0.925149 0.204361 0.251879 0.797293 0.312583 0.598778 0.673440 0.614811 0.727413 0.413494 0.000000 0.423943 0.492060 0.605451 0.623412 0.097669 0.634993 0.376662 0.193676 0.771171 0.545550 0.375948 0.473898 0.462351 0.567768 0.769507 0.741470 0.537684 0.438277 0.513231 0.457729 0.099410 0.589316 0.464452 0.831234 0.692670 0.389861 0.694002 0.258107 0.237457 0.195873 0.865702 0.251528 0.203925 0.749374 0.543743 0.257684 0.362118 0.416052 0.376709 0.872025 0.746399 0.522871 0.607821 0.878852 0.365367 0.594512 0.323833 0.512985 0.167406 0.699240
0.570220 0.354208 0.260425 0.353842 0.068045 0.332692 0.337631 0.453828 0.287515 0.379039 0.264526 0.552406 0.377747 0.132680 0.136606 0.524085 0.322250 0.425718 0.423150 0.140825 0.294721 0.386493 0.116189 0.263572 0.442093 0.421766 0.381079 0.195808 0.357533 0.491374 0.157986 0.504337 0.304326 0.504256 0.327502 0.465798 0.379843 0.477929 0.529524 0.535417 0.397390 0.174101 0.373606 0.321658 0.314600 0.344335 0.262590 0.354230 0.249812 0.423943 0.000000 0.120863 0.186755 0.553049 0.426664 0.251236 0.483928 0.235300 0.380800 0.205148 0.180044 0.381462 0.143863 0.399515 0.351147 0.321623 0.283207 0.270020 0.567786 0.192855 0.341040 0.346410 0.467212 0.456129 0.306291 0.444671 0.278038 0.341700 0.216608 0.260885 0.533774 0.310343 0.348230 0.474477 0.119801 0.265626 0.066415 0.355288 0.207699 0.462816 0.443048 0.216845 0.221332 0.479414 0.390861 0.616594 0.418571 0.513506 0.445284 0.504450
0.598387 0.471037 0.328882 0.235198 0.136300 0.218447 0.352873 0.563284 0.353182 0.371529 0.383404 0.671776 0.459460 0.168415 0.217053 0.566017 0.435217 0.527950 0.484758 0.067132 0.173878 0.273051 0.225968 0.167063 0.536836 0.525547 0.420188 0.141109 0.448434 0.562244 0.278683 0.624235 0.267549 0.622412 0.243332 0.580781 0.259544 0.529876 0.640450 0.555255 0.413777 0.245018 0.340862 0.439495 0.408847 0.418208 0.143737 0.400997 0.190158 0.492060 0.120863 0.000000 0.201256 0.670123 0.471882 0.145074 0.602020 0.321268 0.410354 0.293422 0.149430 0.501021 0.054334 0.511664 0.285545 0.311542 0.388647 0.388911 0.688592 0.107651 0.398076 0.448754 0.588073 0.492865 0.202983 0.564381 0.283039 0.454315 0.318636 0.304219 0.591918 0.316487 0.453787 0.558882 0.124013 0.377369 0.145855 0.476114 0.328560 0.464165 0.519449 0.102843 0.276035 0.492379 0.510558 0.737140 0.535320 0.634203 0.472966 0.607274
0.398473 0.383681 0.444530 0.392726 0.120072 0.299329 0.155512 0.438386 0.171197 0.192377 0.380872 0.587818 0.287037 0.315458 0.111337 0.364880 0.334487 0.577881 0.291464 0.144769 0.318378 0.340330 0.282740 0.364172 0.379410 0.387761 0.567814 0.108331 0.526170 0.373652 0.274886 0.593495 0.138150 0.531453 0.222706 0.585636 0.374069 0.330989 0.515854 0.357789 0.581240 0.359599 0.196769 0.438185 0.261901 0.239183 0.267579 0.202263 0.389952 0.605451 0.186755 0.201256 0.000000 0.570029 0.613224 0.218071 0.588259 0.412739 0.209352 0.159789 0.337594 0.429996 0.254837 0.399734 0.211570 0.136053 0.270639 0.325661 0.637511 0.308905 0.526605 0.314465 0.535441 0.291609 0.247045 0.539002 0.091444 0.476430 0.381120 0.447539 0.394775 0.490213 0.498350 0.384562 0.079522 0.408749 0.253083 0.428726 0.304765 0.277076 0.337441 0.290164 0.094869 0.297721 0.488854 0.665505 0.533499 0.570713 0.631385 0.462269
0.616073 0.199097 0.576433 0.905315 0.541148 0.855254 0.579544 0.146124 0.433339 0.653349 0.344197 0.057053 0.345625 0.616629 0.475494 0.538530 0.239123 0.445589 0.431256 0.661186 0.841145 0.902799 0.488443 0.812512 0.257273 0.206191 0.700541 0.668745 0.504889 0.393404 0.407985 0.224315 0.689093 0.053374 0.792699 0.325381 0.918602 0.481216 0.097267 0.632416 0.767930 0.564600 0.714311 0.322650 0.318613 0.388190 0.800640 0.486059 0.776990 0.623412 0.553049 0.670123 0.570029 0.000000 0.705833 0.768891 0.273169 0.522166 0.545564 0.410586 0.701284 0.178637 0.696357 0.170541 0.773266 0.638798 0.299534 0.283959 0.173946 0.741318 0.630954 0.262213 0.161507 0.537771 0.810388 0.238936 0.593593 0.368153 0.467941 0.639014 0.467602 0.736468 0.420919 0.316753 0.589914 0.401055 0.565889 0.226232 0.357147 0.663266 0.361830 0.769713 0.484099 0.632145 0.258314 0.131639 0.303619 0.122812 0.768447 0.183494
0.978549 0.566558 0.175194 0.580607 0.493357 0.658992 0.760338 0.691869 0.676999 0.805598 0.385998 0.669959 0.727207 0.307097 0.539243 0.921144 0.576575 0.284818 0.802437 0.532835 0.573508 0.709523 0.346137 0.445884 0.746268 0.695840 0.054138 0.604642 0.202011 0.848549 0.404987 0.520066 0.725416 0.654274 0.714425 0.415448 0.657930 0.865921 0.742045 0.950740 0.114152 0.254409 0.797072 0.386832 0.646265 0.713769 0.579752 0.756890 0.359076 0.097669 0.426664 0.471882 0.613224 0.705833 0.000000 0.608382 0.469205 0.223920 0.795135 0.578226 0.337693 0.547230 0.433577 0.634557 0.756518 0.748257 0.587822 0.496278 0.605366 0.417720 0.091645 0.644338 0.549920 0.861558 0.664638 0.477693 0.704183 0.337680 0.279154 0.168954 0.909262 0.185275 0.285444 0.803595 0.543931 0.319777 0.360761 0.490034 0.426315 0.887447 0.794557 0.483690 0.630417 0.899706 0.447914 0.685668 0.412319 0.600042 0.069787 0.766490
0.567301 0.573086 0.473016 0.185249 0.232816 0.086464 0.329179 0.646601 0.389129 0.317528 0.514345 0.778603 0.505108 0.311482 0.293705 0.553600 0.529769 0.671328 0.502517 0.113048 0.111938 0.137190 0.365008 0.214624 0.596453 0.599969 0.555340 0.109861 0.593395 0.587041 0.404931 0.751278 0.196372 0.725301 0.112725 0.717013 0.156093 0.532235 0.724762 0.516699 0.538675 0.389959 0.260443 0.572125 0.475135 0.457038 0.060695 0.408380 0.281874 0.634993 0.251236 0.145074 0.218071 0.768891 0.608382 0.000000 0.733820 0.466282 0.395935 0.363933 0.272712 0.611095 0.174838 0.601891 0.172310 0.264517 0.472528 0.499168 0.809365 0.199747 0.539317 0.524360 0.707055 0.479147 0.057958 0.692326 0.261052 0.592639 0.461368 0.443659 0.598476 0.440424 0.595922 0.602383 0.178984 0.516178 0.289427 0.595048 0.450977 0.410495 0.554073 0.141280 0.312644 0.450094 0.638784 0.850160 0.669417 0.749549 0.601911 0.677224
0.786122 0.255926 0.383803 0.821824 0.506958 0.816548 0.664487 0.336392 0.520300 0.735891 0.219529 0.222955 0.487588 0.486304 0.476973 0.710359 0.304257 0.187246 0.584331 0.621169 0.772758 0.870110 0.378186 0.702520 0.441597 0.376603 0.477740 0.658211 0.271190 0.582605 0.329315 0.052953 0.725665 0.233619 0.794440 0.055837 0.861055 0.647753 0.345986 0.785088 0.553103 0.410334 0.774243 0.162526 0.419622 0.508849 0.745578 0.598399 0.642825 0.376662 0.483928 0.602020 0.588259 0.273169 0.469205 0.733820 0.000000 0.341171 0.657396 0.447065 0.573225 0.202125 0.607119 0.303054 0.798175 0.700304 0.364404 0.269432 0.136580 0.636684 0.411690 0.377498 0.118156 0.682995 0.786734 0.055240 0.648295 0.162106 0.305622 0.452341 0.658837 0.549331 0.196525 0.511155 0.570677 0.233349 0.463377 0.169794 0.287073 0.778410 0.535053 0.684461 0.532534 0.762873 0.099462 0.218347 0.070216 0.150907 0.537233 0.409375
0.758626 0.357339 0.056104 0.505672 0.294468 0.536482 0.550253 0.482768 0.455678 0.602692 0.179980 0.497317 0.503387 0.164458 0.325023 0.699039 0.359497 0.214362 0.578982 0.367238 0.470829 0.590929 0.131082 0.375805 0.526385 0.479552 0.196083 0.429931 0.127233 0.624794 0.181092 0.381282 0.538696 0.468840 0.557093 0.301470 0.561561 0.642912 0.541256 0.733624 0.251081 0.080195 0.606308 0.203712 0.422669 0.490145 0.457533 0.537156 0.306597 0.193676 0.235300 0.321268 0.412739 0.522166 0.223920 0.466282 0.341171 0.000000 0.578922 0.356489 0.243438 0.349158 0.304503 0.423826 0.585711 0.548588 0.365072 0.279310 0.463021 0.317885 0.132601 0.423347 0.382625 0.641559 0.524106 0.325463 0.500625 0.179475 0.058325 0.117429 0.685404 0.215934 0.152305 0.581496 0.354367 0.121847 0.179166 0.296270 0.204886 0.678408 0.570867 0.376436 0.414926 0.685959 0.279948 0.533973 0.271567 0.435306 0.268625 0.554349
0.190235 0.408202 0.620716 0.580750 0.313515 0.460943 0.067683 0.399462 0.138541 0.120410 0.489678 0.581651 0.200391 0.513450 0.255904 0.158646 0.356051 0.701877 0.134908 0.350690 0.506378 0.486260 0.449864 0.570672 0.297237 0.339431 0.754527 0.294898 0.674016 0.216868 0.408462 0.645565 0.215616 0.523775 0.345420 0.672043 0.542028 0.140143 0.464389 0.155728 0.777541 0.542186 0.197630 0.537837 0.242121 0.158625 0.454027 0.060739 0.599292 0.771171 0.380800 0.410354 0.209352 0.545564 0.795135 0.395935 0.657396 0.578922 0.000000 0.230269 0.545195 0.463338 0.464135 0.388183 0.293644 0.141338 0.293041 0.393208 0.663841 0.517925 0.704793 0.294078 0.571777 0.084014 0.402084 0.602656 0.135438 0.589509 0.534672 0.636745 0.206706 0.690943 0.625796 0.264361 0.288481 0.538145 0.445640 0.487662 0.414603 0.121872 0.207687 0.494592 0.164723 0.109748 0.562743 0.666051 0.619628 0.590606 0.822142 0.386478
0.402596 0.225101 0.403153 0.520087 0.157850 0.449278 0.220858 0.282757 0.099240 0.289816 0.261189 0.428185 0.172604 0.327234 0.076413 0.342920 0.174925 0.472505 0.227296 0.264355 0.449459 0.494482 0.233680 0.457371 0.243415 0.237018 0.542478 0.259513 0.444567 0.288142 0.179796 0.445350 0.287416 0.371678 0.382439 0.453384 0.518134 0.288576 0.360881 0.380850 0.576725 0.332969 0.328538 0.312393 0.115639 0.142200 0.403364 0.182100 0.454299 0.545550 0.205148 0.293422 0.159789 0.410586 0.578226 0.363933 0.447065 0.356489 0.230269 0.000000 0.385145 0.273789 0.335818 0.240694 0.367963 0.253647 0.111053 0.177781 0.482421 0.389851 0.486690 0.160691 0.381635 0.285688 0.401411 0.394667 0.202074 0.361274 0.308095 0.430502 0.337261 0.500699 0.395781 0.269797 0.187474 0.307877 0.256812 0.280332 0.184893 0.343382 0.238417 0.395886 0.085575 0.339961 0.348447 0.506593 0.400430 0.413743 0.613072 0.316641
0.735268 0.507967 0.226974 0.264385 0.238008 0.321788 0.492894 0.619376 0.465411 0.518253 0.371641 0.690676 0.557748 0.087811 0.315518 0.695708 0.485441 0.457059 0.600978 0.216409 0.240480 0.373318 0.213224 0.132369 0.619138 0.593674 0.284012 0.290532 0.363271 0.671065 0.293812 0.606482 0.416947 0.649470 0.382193 0.539691 0.329124 0.653199 0.691858 0.695378 0.267215 0.165303 0.490274 0.417816 0.492824 0.524017 0.242176 0.526607 0.075789 0.375948 0.180044 0.149430 0.337594 0.701284 0.337693 0.272712 0.573225 0.243438 0.545195 0.385145 0.000000 0.523209 0.100611 0.562115 0.431166 0.458189 0.456120 0.420085 0.681963 0.081795 0.276950 0.520419 0.589169 0.624928 0.327844 0.547202 0.425330 0.412610 0.267779 0.180081 0.711175 0.169021 0.394511 0.654081 0.258191 0.340116 0.138692 0.483940 0.344166 0.609567 0.623065 0.147354 0.394759 0.634575 0.495674 0.743400 0.503104 0.640087 0.329345 0.676217
0.584232 0.055313 0.404599 0.735289 0.378801 0.697367 0.478571 0.152039 0.330004 0.552115 0.169231 0.170960 0.285869 0.438129 0.324380 0.508277 0.107475 0.318062 0.382648 0.499888 0.674199 0.747537 0.310113 0.636926 0.243351 0.179244 0.535418 0.518351 0.352803 0.381836 0.230959 0.182669 0.561179 0.126287 0.649675 0.232423 0.755434 0.445700 0.194874 0.584683 0.598673 0.386785 0.599945 0.161436 0.221817 0.310009 0.636916 0.403156 0.598823 0.473898 0.381462 0.501021 0.429996 0.178637 0.547230 0.611095 0.202125 0.349158 0.463338 0.273789 0.523209 0.000000 0.523093 0.105227 0.640788 0.524031 0.173419 0.112538 0.208690 0.565964 0.466121 0.176039 0.109564 0.482836 0.657291 0.147326 0.473800 0.217025 0.293033 0.464571 0.457613 0.560913 0.271195 0.312544 0.434247 0.231031 0.389010 0.057855 0.179576 0.585176 0.333290 0.598058 0.357424 0.565877 0.126297 0.239103 0.187982 0.140784 0.605712 0.229295
0.652503 0.497777 0.303208 0.215717 0.178242 0.233961 0.407128 0.596958 0.402051 0.425392 0.392082 0.693947 0.505149 0.141915 0.260335 0.619204 0.465991 0.516813 0.535128 0.120246 0.168033 0.287830 0.229236 0.121821 0.578356 0.562746 0.380657 0.193003 0.431011 0.611056 0.294426 0.633445 0.319277 0.647029 0.282306 0.581247 0.258504 0.581872 0.673060 0.609563 0.367735 0.224944 0.392376 0.445521 0.450063 0.465733 0.153993 0.453190 0.135833 0.462351 0.143863 0.054334 0.254837 0.696357 0.433577 0.174838 0.607119 0.304503 0.464135 0.335818 0.100611 0.523093 0.000000 0.543192 0.330564 0.365475 0.424519 0.412712 0.702110 0.055360 0.365503 0.486514 0.603643 0.546345 0.231565 0.573349 0.337367 0.453293 0.311712 0.269276 0.643182 0.269608 0.446271 0.604144 0.176566 0.376756 0.143756 0.493006 0.345824 0.518259 0.566817 0.077448 0.326092 0.546710 0.519850 0.755354 0.538637 0.651738 0.429181 0.645151
0.489473 0.068112 0.479912 0.746068 0.378588 0.687964 0.415098 0.059389 0.266489 0.489384 0.248633 0.195872 0.195586 0.482808 0.308249 0.412282 0.077345 0.421103 0.290607 0.496580 0.679275 0.734445 0.356159 0.662833 0.138836 0.074181 0.617142 0.499774 0.447242 0.279774 0.272140 0.275591 0.519058 0.137580 0.622323 0.336978 0.753692 0.350414 0.130230 0.495178 0.674735 0.446456 0.546807 0.257156 0.151016 0.229741 0.636601 0.327525 0.637517 0.567768 0.399515 0.511664 0.399734 0.170541 0.634557 0.601891 0.303054 0.423826 0.388183 0.240694 0.562115 0.105227 0.543192 0.000000 0.602933 0.470857 0.129861 0.147828 0.277904 0.591778 0.549151 0.095206 0.195618 0.394943 0.641639 0.249559 0.424420 0.315485 0.365618 0.533676 0.356269 0.625767 0.368641 0.208337 0.423141 0.314783 0.423562 0.158434 0.227443 0.509053 0.233858 0.613371 0.313689 0.483810 0.231444 0.279265 0.293209 0.204369 0.688952 0.131962
0.432506 0.593063 0.604620 0.338127 0.301603 0.195532 0.228867 0.635194 0.346849 0.183921 0.586412 0.795079 0.457799 0.450154 0.321812 0.437329 0.542489 0.772624 0.422949 0.223975 0.273666 0.203459 0.465027 0.386920 0.557850 0.579912 0.705374 0.155810 0.708646 0.508023 0.477007 0.804815 0.085869 0.737832 0.067519 0.792704 0.273968 0.432902 0.710383 0.377955 0.698070 0.517774 0.107779 0.644610 0.456549 0.407378 0.228873 0.329084 0.451064 0.769507 0.351147 0.285545 0.211570 0.773266 0.756518 0.172310 0.798175 0.585711 0.293644 0.367963 0.431166 0.640788 0.330564 0.602933 0.000000 0.153800 0.476674 0.537227 0.848771 0.366231 0.679360 0.512257 0.746873 0.367482 0.141420 0.749790 0.184742 0.678119 0.566385 0.587970 0.498765 0.600094 0.693625 0.543806 0.236428 0.606213 0.408154 0.640233 0.512355 0.265479 0.488957 0.312431 0.289260 0.312416 0.698987 0.874420 0.741263 0.781289 0.758316 0.646295
0.302830 0.472138 0.580478 0.449435 0.255904 0.322564 0.075168 0.496244 0.205571 0.060072 0.503821 0.666323 0.309448 0.447060 0.235018 0.292904 0.419458 0.707456 0.269169 0.245415 0.376432 0.345392 0.418213 0.457833 0.410172 0.438563 0.701984 0.176633 0.660338 0.354238 0.403193 0.698814 0.074568 0.608169 0.204198 0.703964 0.403968 0.281445 0.568760 0.253057 0.711701 0.495225 0.076209 0.559107 0.320345 0.259712 0.324624 0.175846 0.500433 0.741470 0.321623 0.311542 0.136053 0.638798 0.748257 0.264517 0.700304 0.548588 0.141338 0.253647 0.458189 0.524031 0.365475 0.470857 0.153800 0.000000 0.352150 0.431347 0.732265 0.414935 0.662287 0.376762 0.633139 0.219883 0.263515 0.648248 0.052328 0.602143 0.515426 0.581538 0.347908 0.618266 0.628191 0.391491 0.206160 0.538193 0.387555 0.533953 0.426252 0.153119 0.336067 0.379765 0.168090 0.186956 0.601304 0.748459 0.651123 0.661545 0.764121 0.499677
0.433064 0.120147 0.418657 0.621128 0.253265 0.558439 0.305166 0.175569 0.157124 0.378709 0.220450 0.318406 0.144037 0.384406 0.179328 0.361780 0.067309 0.428263 0.233831 0.368761 0.552738 0.604631 0.266751 0.545871 0.166824 0.138560 0.560613 0.369914 0.424224 0.262877 0.188098 0.353680 0.394225 0.261333 0.493345 0.381320 0.625185 0.300090 0.253548 0.425020 0.607470 0.365943 0.428307 0.257184 0.062722 0.149044 0.508769 0.234064 0.529786 0.537684 0.283207 0.388647 0.270639 0.299534 0.587822 0.472528 0.364404 0.365072 0.293041 0.111053 0.456120 0.173419 0.424519 0.129861 0.476674 0.352150 0.000000 0.107825 0.380450 0.475726 0.497320 0.064487 0.282981 0.323161 0.511786 0.309617 0.302991 0.314138 0.308676 0.460961 0.329816 0.544463 0.359185 0.216627 0.294136 0.281881 0.318620 0.194792 0.161904 0.414337 0.208725 0.491292 0.188290 0.398824 0.270943 0.398333 0.329712 0.309398 0.633083 0.221257
0.540621 0.087942 0.335090 0.623573 0.266569 0.585317 0.395629 0.207183 0.254731 0.466552 0.115825 0.282893 0.250343 0.338019 0.216618 0.469605 0.080427 0.320509 0.341633 0.387589 0.561830 0.635879 0.210093 0.528589 0.250517 0.200353 0.474660 0.408635 0.321528 0.365979 0.126648 0.268687 0.460707 0.234335 0.541778 0.279085 0.642899 0.407869 0.274114 0.530996 0.529149 0.298631 0.505870 0.149383 0.170282 0.256400 0.524381 0.336391 0.495857 0.438277 0.270020 0.388911 0.325661 0.283959 0.496278 0.499168 0.269432 0.279310 0.393208 0.177781 0.420085 0.112538 0.412712 0.147828 0.537227 0.431347 0.107825 0.000000 0.313501 0.457377 0.408135 0.151298 0.210847 0.429578 0.546263 0.216902 0.379563 0.206455 0.221022 0.386573 0.435602 0.477990 0.252698 0.311195 0.323358 0.180593 0.282956 0.103394 0.079675 0.512552 0.312324 0.486858 0.263341 0.501277 0.171417 0.351133 0.226488 0.250585 0.547015 0.275753
0.763658 0.260303 0.510189 0.917710 0.576810 0.894781 0.684423 0.287075 0.534967 0.758438 0.311616 0.116897 0.473422 0.594153 0.529895 0.685880 0.313269 0.323740 0.567625 0.696644 0.862285 0.946524 0.474923 0.806729 0.403091 0.341272 0.612156 0.721937 0.405934 0.545923 0.409940 0.085476 0.769740 0.157214 0.855255 0.191857 0.947386 0.625177 0.266191 0.772326 0.686506 0.524895 0.808296 0.264809 0.422312 0.506395 0.829462 0.603118 0.754699 0.513231 0.567786 0.688592 0.637511 0.173946 0.605366 0.809365 0.136580 0.463021 0.663841 0.482421 0.681963 0.208690 0.702110 0.277904 0.848771 0.732265 0.380450 0.313501 0.000000 0.738001 0.545032 0.369952 0.102723 0.672662 0.858316 0.137566 0.682318 0.285275 0.419695 0.578102 0.622356 0.676356 0.327668 0.469704 0.636035 0.345801 0.560082 0.214317 0.360364 0.785404 0.506100 0.779246 0.566067 0.761557 0.186504 0.082656 0.196512 0.073542 0.673029 0.346162
0.705568 0.543743 0.306688 0.188074 0.232769 0.241303 0.459748 0.646580 0.457381 0.474483 0.426462 0.736202 0.559907 0.154265 0.314815 0.673650 0.514437 0.532243 0.590476 0.170037 0.158726 0.292072 0.263099 0.071257 0.631695 0.614227 0.363753 0.239633 0.441041 0.666357 0.335335 0.666245 0.364284 0.691078 0.311890 0.606991 0.247818 0.636948 0.721939 0.661711 0.340242 0.237913 0.436580 0.477177 0.503462 0.520891 0.162620 0.508182 0.086436 0.457729 0.192855 0.107651 0.308905 0.741318 0.417720 0.199747 0.636684 0.317885 0.517925 0.389851 0.081795 0.565964 0.055360 0.591778 0.366231 0.414935 0.475726 0.457377 0.738001 0.000000 0.358743 0.538412 0.641525 0.600513 0.252071 0.606306 0.389442 0.478914 0.334513 0.261869 0.698440 0.242423 0.466045 0.658736 0.231301 0.403805 0.178540 0.532494 0.386957 0.568041 0.621918 0.065999 0.381442 0.598165 0.553438 0.794605 0.567177 0.690851 0.404847 0.696824
0.887425 0.481516 0.084099 0.534639 0.406533 0.597114 0.671515 0.607236 0.585546 0.718830 0.300834 0.598990 0.635984 0.229915 0.449051 0.829608 0.488561 0.239143 0.710798 0.455499 0.517359 0.649547 0.255187 0.398449 0.657231 0.608323 0.069608 0.525304 0.141504 0.757395 0.313520 0.459742 0.643177 0.578443 0.641356 0.361416 0.605291 0.774285 0.660781 0.860260 0.141501 0.167065 0.713865 0.308640 0.555246 0.622151 0.516936 0.665746 0.314602 0.099410 0.341040 0.398076 0.526605 0.630954 0.091645 0.539317 0.411690 0.132601 0.704793 0.486690 0.276950 0.466121 0.365503 0.549151 0.679360 0.662287 0.497320 0.408135 0.545032 0.358743 0.000000 0.554730 0.479775 0.770392 0.596695 0.411742 0.617013 0.265500 0.188834 0.097000 0.817717 0.159108 0.217692 0.713497 0.459878 0.235656 0.276261 0.409963 0.336308 0.799064 0.703464 0.424118 0.540092 0.810057 0.375942 0.622679 0.348705 0.531388 0.139931 0.680778
0.408693 0.121573 0.477878 0.679192 0.312593 0.609341 0.319923 0.123997 0.171688 0.394197 0.267080 0.290962 0.110129 0.448850 0.234890 0.333440 0.078059 0.466126 0.206835 0.424505 0.609433 0.653459 0.330198 0.608157 0.103810 0.076907 0.619398 0.418599 0.472810 0.216674 0.249945 0.357854 0.427513 0.232664 0.535504 0.402830 0.678815 0.270757 0.201433 0.408777 0.668615 0.428596 0.452489 0.294599 0.056425 0.136542 0.563901 0.233340 0.593874 0.589316 0.346410 0.448754 0.314465 0.262213 0.644338 0.524360 0.377498 0.423347 0.294078 0.160691 0.520419 0.176039 0.486514 0.095206 0.512257 0.376762 0.064487 0.151298 0.369952 0.538412 0.554730 0.000000 0.280751 0.307107 0.560151 0.322348 0.331430 0.353523 0.365956 0.522683 0.289159 0.607700 0.402346 0.160078 0.348074 0.331712 0.383077 0.214029 0.218511 0.415481 0.164155 0.551589 0.224191 0.392468 0.292281 0.374470 0.353873 0.296604 0.691944 0.158690
0.684843 0.163869 0.433785 0.818817 0.474373 0.792632 0.588118 0.221323 0.439404 0.661680 0.217616 0.120055 0.388623 0.501615 0.427359 0.607811 0.216725 0.284165 0.484860 0.594467 0.761928 0.844174 0.378804 0.711113 0.331258 0.266553 0.548878 0.619214 0.347968 0.474150 0.309922 0.080668 0.668538 0.116925 0.752625 0.166082 0.846265 0.545782 0.227995 0.688717 0.619567 0.437289 0.708926 0.179027 0.329726 0.416700 0.728120 0.511350 0.663179 0.464452 0.467212 0.588073 0.535441 0.161507 0.549920 0.707055 0.118156 0.382625 0.571777 0.381635 0.589169 0.109564 0.603643 0.195618 0.746873 0.633139 0.282981 0.210847 0.102723 0.641525 0.479775 0.280751 0.000000 0.587490 0.755719 0.077480 0.582616 0.214285 0.333887 0.499820 0.550897 0.598470 0.264601 0.400439 0.533340 0.261435 0.463041 0.112265 0.259513 0.693649 0.429412 0.680423 0.466023 0.672894 0.104139 0.154326 0.142335 0.052681 0.614526 0.292347
0.117078 0.427823 0.686412 0.664183 0.390093 0.542067 0.149978 0.393605 0.186654 0.185102 0.535035 0.580043 0.199390 0.588595 0.325426 0.074669 0.378825 0.747042 0.106564 0.434161 0.589945 0.564921 0.515444 0.654238 0.280871 0.334651 0.823238 0.378890 0.728482 0.166486 0.465226 0.664959 0.294350 0.523905 0.423363 0.703799 0.623382 0.072431 0.448797 0.102150 0.850415 0.611221 0.264693 0.578263 0.263947 0.174685 0.537607 0.104673 0.680990 0.831234 0.456129 0.492865 0.291609 0.537771 0.861558 0.479147 0.682995 0.641559 0.084014 0.285688 0.624928 0.482836 0.546345 0.394943 0.367482 0.219883 0.323161 0.429578 0.672662 0.600513 0.770392 0.307107 0.587490 0.000000 0.483050 0.627758 0.219292 0.633147 0.593777 0.707332 0.133403 0.766318 0.673720 0.231283 0.370051 0.588921 0.519488 0.515486 0.463677 0.139497 0.178175 0.578395 0.235400 0.097169 0.592993 0.664473 0.652628 0.599183 0.892255 0.364661
0.562107 0.616963 0.530918 0.196805 0.281898 0.059050 0.334403 0.683608 0.414550 0.309810 0.567580 0.822844 0.530967 0.369308 0.335378 0.556404 0.571660 0.728385 0.518229 0.165996 0.133593 0.093353 0.421093 0.256903 0.625782 0.634398 0.611353 0.141906 0.651172 0.603821 0.457432 0.802533 0.189913 0.768444 0.074236 0.771474 0.140462 0.541373 0.761494 0.509288 0.592232 0.447912 0.242757 0.625689 0.508646 0.481531 0.094857 0.422716 0.330849 0.692670 0.306291 0.202983 0.247045 0.810388 0.664638 0.057958 0.786734 0.524106 0.402084 0.401411 0.327844 0.657291 0.231565 0.641639 0.141420 0.263515 0.511786 0.546263 0.858316 0.252071 0.596695 0.560151 0.755719 0.483050 0.000000 0.744034 0.271440 0.647991 0.518324 0.500771 0.608062 0.494212 0.652559 0.625860 0.223046 0.571816 0.346840 0.644185 0.502062 0.399107 0.575059 0.189716 0.341404 0.442656 0.690737 0.896292 0.723231 0.796828 0.656299 0.709303
0.731013 0.200779 0.373102 0.788949 0.462763 0.776192 0.610842 0.285882 0.465879 0.682659 0.181436 0.195031 0.432458 0.459494 0.428027 0.655364 0.249042 0.207060 0.529181 0.579324 0.736832 0.829205 0.344328 0.673920 0.388359 0.323479 0.480009 0.612787 0.275901 0.528599 0.287599 0.060095 0.675750 0.193733 0.748566 0.091131 0.823922 0.592736 0.302376 0.729849 0.552782 0.388165 0.722656 0.129478 0.364438 0.453642 0.707223 0.543500 0.619050 0.389861 0.444671 0.564381 0.539002 0.238936 0.477693 0.692326 0.055240 0.325463 0.602656 0.394667 0.547202 0.147326 0.573349 0.249559 0.749790 0.648248 0.309617 0.216902 0.137566 0.606306 0.411742 0.322348 0.077480 0.627758 0.744034 0.000000 0.596427 0.148498 0.282780 0.440799 0.604642 0.539195 0.194248 0.457888 0.525409 0.208866 0.429963 0.115493 0.242105 0.723829 0.480551 0.650786 0.480236 0.707853 0.053826 0.211265 0.066082 0.123168 0.543640 0.360450
0.316953 0.422574 0.534444 0.445507 0.210828 0.329576 0.071068 0.452883 0.162727 0.102112 0.451593 0.619149 0.273222 0.406772 0.183476 0.293961 0.370202 0.655852 0.247299 0.219842 0.371039 0.359625 0.369772 0.438398 0.373120 0.396474 0.659114 0.159808 0.610390 0.333086 0.351649 0.647419 0.098898 0.561190 0.222855 0.651656 0.409903 0.271460 0.527014 0.272290 0.672471 0.450190 0.126490 0.506793 0.275122 0.222754 0.318688 0.151628 0.473197 0.694002 0.278038 0.283039 0.091444 0.593593 0.704183 0.261052 0.648295 0.500625 0.135438 0.202074 0.425330 0.473800 0.337367 0.424420 0.184742 0.052328 0.302991 0.379563 0.682318 0.389442 0.617013 0.331430 0.582616 0.219292 0.271440 0.596427 0.000000 0.550060 0.465719 0.538898 0.337929 0.580870 0.576687 0.361532 0.168069 0.486679 0.344419 0.482383 0.374000 0.185900 0.308023 0.361397 0.116730 0.209577 0.549216 0.700591 0.598824 0.612112 0.722829 0.461593
0.745881 0.248982 0.224926 0.665781 0.377501 0.672117 0.581007 0.368082 0.452032 0.646549 0.100086 0.333733 0.456570 0.326523 0.367827 0.675775 0.276269 0.114186 0.547950 0.482313 0.620792 0.726475 0.228428 0.543090 0.444602 0.385289 0.334609 0.529155 0.137593 0.570130 0.201841 0.202219 0.613969 0.316725 0.664921 0.128161 0.710467 0.614224 0.409089 0.733556 0.405644 0.248663 0.671387 0.059281 0.376717 0.461820 0.597768 0.535938 0.481186 0.258107 0.341700 0.454315 0.476430 0.368153 0.337680 0.592639 0.162106 0.179475 0.589509 0.361274 0.412610 0.217025 0.453293 0.315485 0.678119 0.602143 0.314138 0.206455 0.285275 0.478914 0.265500 0.353523 0.214285 0.633147 0.647991 0.148498 0.550060 0.000000 0.144962 0.292979 0.641274 0.391099 0.054317 0.510209 0.442964 0.076970 0.310796 0.159323 0.177196 0.704649 0.517093 0.529965 0.441400 0.699061 0.110707 0.359541 0.092161 0.265951 0.400888 0.445103
0.710621 0.299340 0.114323 0.521961 0.267317 0.536975 0.510649 0.424629 0.407192 0.567133 0.124000 0.445718 0.448618 0.181583 0.285122 0.648852 0.301263 0.210096 0.526867 0.355643 0.479739 0.591612 0.101366 0.398144 0.468698 0.421310 0.253939 0.411934 0.145050 0.569761 0.129038 0.340923 0.512589 0.414567 0.543986 0.272678 0.570077 0.591539 0.483944 0.688048 0.309143 0.105433 0.577296 0.155636 0.367353 0.437768 0.460266 0.490016 0.337403 0.237457 0.216608 0.318636 0.381120 0.467941 0.279154 0.461368 0.305622 0.058325 0.534672 0.308095 0.267779 0.293033 0.311712 0.365618 0.566385 0.515426 0.308676 0.221022 0.419695 0.334513 0.188834 0.365956 0.333887 0.593777 0.518324 0.282780 0.465719 0.144962 0.000000 0.171545 0.631941 0.268527 0.135264 0.524681 0.330821 0.073923 0.172806 0.241711 0.147482 0.638633 0.515690 0.387435 0.372536 0.643036 0.233799 0.487131 0.235436 0.386392 0.326429 0.496036
0.823568 0.468769 0.068564 0.439895 0.328559 0.500196 0.597669 0.593014 0.526821 0.639592 0.295509 0.614742 0.591471 0.138155 0.382037 0.770723 0.465193 0.302071 0.657731 0.364111 0.420555 0.552556 0.198226 0.303999 0.626493 0.584568 0.120459 0.435699 0.201836 0.712498 0.272919 0.495111 0.556706 0.585652 0.547420 0.408338 0.508837 0.718669 0.654650 0.792377 0.147170 0.097610 0.628608 0.321052 0.513783 0.571012 0.420051 0.603041 0.222450 0.195873 0.260885 0.304219 0.447539 0.639014 0.168954 0.443659 0.452341 0.117429 0.636745 0.430502 0.180081 0.464571 0.269276 0.533676 0.587970 0.581538 0.460961 0.386573 0.578102 0.261869 0.097000 0.522683 0.499820 0.707332 0.500771 0.440799 0.538898 0.292979 0.171545 0.000000 0.767196 0.098673 0.257161 0.676682 0.376208 0.239270 0.194482 0.412858 0.308252 0.723583 0.659596 0.327144 0.472903 0.738643 0.396728 0.650475 0.384019 0.552494 0.185410 0.662168
0.153882 0.406710 0.735626 0.781736 0.473270 0.666717 0.274149 0.335314 0.246260 0.317973 0.550110 0.517248 0.185780 0.662160 0.397238 0.083513 0.367218 0.754620 0.110745 0.539476 0.706988 0.692956 0.569354 0.757762 0.220162 0.284396 0.876760 0.493123 0.753860 0.076800 0.504315 0.631366 0.422302 0.466151 0.552083 0.689212 0.747487 0.066698 0.371730 0.186537 0.913780 0.669586 0.397614 0.582828 0.267550 0.196297 0.654803 0.192641 0.773897 0.865702 0.533774 0.591918 0.394775 0.467602 0.909262 0.598476 0.658837 0.685404 0.206706 0.337261 0.711175 0.457613 0.643182 0.356269 0.498765 0.347908 0.329816 0.435602 0.622356 0.698440 0.817717 0.289159 0.550897 0.133403 0.608062 0.604642 0.337929 0.641274 0.631941 0.767196 0.000000 0.837436 0.688271 0.152691 0.468064 0.611485 0.591540 0.501848 0.489041 0.267411 0.125185 0.684840 0.317678 0.218936 0.579699 0.598917 0.641724 0.551010 0.948192 0.284473
0.880552 0.562253 0.166175 0.395771 0.377444 0.482010 0.644935 0.685149 0.592728 0.677944 0.392408 0.713097 0.668053 0.177728 0.443006 0.833370 0.554917 0.391259 0.726880 0.382520 0.392923 0.530535 0.277731 0.262072 0.711184 0.672996 0.132285 0.456754 0.290586 0.787577 0.358556 0.593001 0.582530 0.683094 0.550882 0.503817 0.474885 0.784916 0.749022 0.844973 0.098307 0.179942 0.655813 0.419638 0.593432 0.642854 0.404660 0.663739 0.175143 0.251528 0.310343 0.316487 0.490213 0.736468 0.185275 0.440424 0.549331 0.215934 0.690943 0.500699 0.169021 0.560913 0.269608 0.625767 0.600094 0.618266 0.544463 0.477990 0.676356 0.242423 0.159108 0.607700 0.598470 0.766318 0.494212 0.539195 0.580870 0.391099 0.268527 0.098673 0.837436 0.000000 0.353215 0.757485 0.413112 0.337685 0.247308 0.510237 0.398607 0.766717 0.735900 0.307164 0.531106 0.787310 0.495399 0.749096 0.481622 0.651146 0.162568 0.752252
0.787888 0.301599 0.188680 0.654087 0.392087 0.672183 0.612591 0.421914 0.489966 0.675448 0.139274 0.384591 0.502805 0.311813 0.393227 0.719404 0.326027 0.079539 0.592205 0.488636 0.614261 0.726812 0.232101 0.526656 0.495798 0.437529 0.285761 0.541264 0.083980 0.618388 0.225038 0.242649 0.634145 0.369976 0.675319 0.151233 0.704771 0.658492 0.463386 0.773007 0.359016 0.229318 0.694870 0.111493 0.421900 0.504822 0.595518 0.574292 0.458897 0.203925 0.348230 0.453787 0.498350 0.420919 0.285444 0.595922 0.196525 0.152305 0.625796 0.395781 0.394511 0.271195 0.446271 0.368641 0.693625 0.628191 0.359185 0.252698 0.327668 0.466045 0.217692 0.402346 0.264601 0.673720 0.652559 0.194248 0.576687 0.054317 0.135264 0.257161 0.688271 0.353215 0.000000 0.560462 0.457208 0.090007 0.308018 0.213418 0.211243 0.738199 0.564910 0.521267 0.472343 0.735543 0.162654 0.404994 0.131167 0.315245 0.350049 0.498816
0.299383 0.265446 0.635273 0.775062 0.425978 0.681295 0.318707 0.182742 0.213371 0.384149 0.426805 0.365096 0.099538 0.590807 0.343923 0.222045 0.234456 0.621035 0.130934 0.519703 0.701495 0.717368 0.480377 0.724973 0.069558 0.134560 0.777200 0.492524 0.632502 0.076839 0.404298 0.481093 0.459089 0.313481 0.584005 0.544933 0.758037 0.167137 0.222620 0.318778 0.823526 0.580712 0.458485 0.450946 0.164134 0.145381 0.651565 0.215999 0.724019 0.749374 0.474477 0.558882 0.384562 0.316753 0.803595 0.602383 0.511155 0.581496 0.264361 0.269797 0.654081 0.312544 0.604144 0.208337 0.543806 0.391491 0.216627 0.311195 0.469704 0.658736 0.713497 0.160078 0.400439 0.231283 0.625860 0.457888 0.361532 0.510209 0.524681 0.676682 0.152691 0.757485 0.560462 0.000000 0.442167 0.491733 0.521764 0.361367 0.377293 0.367417 0.056675 0.659651 0.291193 0.328413 0.437600 0.447470 0.499747 0.398584 0.849687 0.135900
0.477925 0.394605 0.380042 0.334537 0.065478 0.265347 0.234710 0.468992 0.232147 0.265297 0.354254 0.600373 0.342734 0.240920 0.114901 0.442677 0.350791 0.536199 0.361533 0.077956 0.262643 0.313833 0.229546 0.289898 0.426966 0.424493 0.496642 0.087536 0.474358 0.440466 0.243601 0.582915 0.184555 0.546604 0.223879 0.560678 0.331170 0.405862 0.547167 0.437210 0.505715 0.293384 0.254060 0.412795 0.301629 0.298768 0.215895 0.276989 0.310963 0.543743 0.119801 0.124013 0.079522 0.589914 0.543931 0.178984 0.570677 0.354367 0.288481 0.187474 0.258191 0.434247 0.176566 0.423141 0.236428 0.206160 0.294136 0.323358 0.636035 0.231301 0.459878 0.348074 0.533340 0.370051 0.223046 0.525409 0.168069 0.442964 0.330821 0.376208 0.468064 0.413112 0.457208 0.442167 0.000000 0.370111 0.183648 0.422320 0.283726 0.353697 0.399684 0.219187 0.153871 0.376587 0.472848 0.673269 0.510324 0.573860 0.558041 0.503698
0.704164 0.246786 0.175385 0.589983 0.304701 0.595270 0.523166 0.372219 0.403694 0.585538 0.066432 0.375472 0.425773 0.252984 0.303220 0.637608 0.259529 0.169329 0.511657 0.406419 0.544046 0.649667 0.151560 0.469189 0.430676 0.377339 0.304659 0.455381 0.142376 0.544374 0.135030 0.267182 0.545040 0.347829 0.590551 0.204507 0.633607 0.577689 0.425316 0.687109 0.368007 0.179305 0.605111 0.082462 0.343935 0.423173 0.520799 0.488027 0.410777 0.257684 0.265626 0.377369 0.408749 0.401055 0.319777 0.516178 0.233349 0.121847 0.538145 0.307877 0.340116 0.231031 0.376756 0.314783 0.606213 0.538193 0.281881 0.180593 0.345801 0.403805 0.235656 0.331712 0.261435 0.588921 0.571816 0.208866 0.486679 0.076970 0.073923 0.239270 0.611485 0.337685 0.090007 0.491733 0.370111 0.000000 0.233934 0.176097 0.125307 0.649238 0.490326 0.453631 0.382915 0.647831 0.160168 0.413957 0.163484 0.314084 0.375546 0.446726
0.634410 0.370557 0.197457 0.359034 0.134289 0.364172 0.403817 0.480697 0.345963 0.445264 0.249025 0.558536 0.427890 0.070631 0.195741 0.586080 0.346785 0.382189 0.480815 0.188077 0.310196 0.418807 0.085637 0.248706 0.483207 0.455525 0.314734 0.252472 0.305255 0.544954 0.158076 0.490047 0.367135 0.514818 0.377930 0.438356 0.399677 0.537883 0.553446 0.600708 0.331925 0.110393 0.437605 0.301813 0.358626 0.398674 0.287841 0.416526 0.213956 0.362118 0.066415 0.145855 0.253083 0.565889 0.360761 0.289427 0.463377 0.179166 0.445640 0.256812 0.138692 0.389010 0.143756 0.423562 0.408154 0.387555 0.318620 0.282956 0.560082 0.178540 0.276261 0.383077 0.463041 0.519488 0.346840 0.429963 0.344419 0.310796 0.172806 0.194482 0.591540 0.247308 0.308018 0.521764 0.183648 0.233934 0.000000 0.354035 0.209473 0.529218 0.494780 0.221156 0.284105 0.545384 0.376623 0.616070 0.395031 0.512316 0.378932 0.537939
0.621440 0.095956 0.351035 0.707686 0.362531 0.680504 0.495401 0.208965 0.350521 0.567390 0.118129 0.207336 0.323532 0.397236 0.318927 0.547043 0.137412 0.262669 0.419578 0.482352 0.649992 0.732208 0.271353 0.602705 0.293240 0.230871 0.479427 0.508742 0.294959 0.427366 0.198658 0.165314 0.564090 0.172857 0.643083 0.189064 0.734055 0.484385 0.252073 0.617631 0.544084 0.339710 0.608805 0.103684 0.251545 0.340860 0.615874 0.428856 0.558920 0.416052 0.355288 0.476114 0.428726 0.226232 0.490034 0.595048 0.169794 0.296270 0.487662 0.280332 0.483940 0.057855 0.493006 0.158434 0.640233 0.533953 0.194792 0.103394 0.214317 0.532494 0.409963 0.214029 0.112265 0.515486 0.644185 0.115493 0.482383 0.159323 0.241711 0.412858 0.501848 0.510237 0.213418 0.361367 0.422320 0.176097 0.354035 0.000000 0.147698 0.608616 0.376704 0.569436 0.365863 0.593551 0.078272 0.262383 0.139946 0.158732 0.549249 0.286131
0.578858 0.166441 0.259759 0.560098 0.220664 0.535588 0.403862 0.286755 0.278906 0.469522 0.077666 0.349261 0.304022 0.260315 0.193979 0.512621 0.156944 0.287613 0.387271 0.337934 0.502417 0.588085 0.131918 0.457728 0.321519 0.276476 0.400967 0.371236 0.266437 0.424336 0.051628 0.300485 0.442912 0.305594 0.507388 0.280914 0.587029 0.453094 0.353416 0.562206 0.452273 0.219043 0.496965 0.133551 0.222161 0.298466 0.469119 0.363264 0.419905 0.376709 0.207699 0.328560 0.304765 0.357147 0.426315 0.450977 0.287073 0.204886 0.414603 0.184893 0.344166 0.179576 0.345824 0.227443 0.512355 0.426252 0.161904 0.079675 0.360364 0.386957 0.336308 0.218511 0.259513 0.463677 0.502062 0.242105 0.374000 0.177196 0.147482 0.308252 0.489041 0.398607 0.211243 0.377293 0.283726 0.125307 0.209473 0.147698 0.000000 0.528079 0.370162 0.421953 0.264211 0.524349 0.189189 0.409698 0.229018 0.306257 0.473511 0.354082
0.168301 0.530061 0.715687 0.592706 0.395024 0.456925 0.128175 0.517277 0.258262 0.094243 0.604564 0.701275 0.317808 0.592534 0.353851 0.190228 0.477842 0.815598 0.237537 0.398384 0.521841 0.468938 0.547473 0.610183 0.410138 0.457247 0.843482 0.329500 0.781130 0.305811 0.516387 0.767309 0.214134 0.643698 0.329905 0.791637 0.537379 0.211550 0.578725 0.112942 0.858305 0.633045 0.157910 0.654812 0.363974 0.279331 0.471184 0.182410 0.653444 0.872025 0.462816 0.464165 0.277076 0.663266 0.887447 0.410495 0.778410 0.678408 0.121872 0.343382 0.609567 0.585176 0.518259 0.509053 0.265479 0.153119 0.414337 0.512552 0.785404 0.568041 0.799064 0.415481 0.693649 0.139497 0.399107 0.723829 0.185900 0.704649 0.638633 0.723583 0.267411 0.766717 0.738199 0.367417 0.353697 0.649238 0.529218 0.608616 0.528079 0.000000 0.312164 0.532019 0.266951 0.050970 0.683004 0.785827 0.738995 0.712085 0.908059 0.497355
0.257582 0.281750 0.622943 0.729795 0.389805 0.631286 0.262721 0.220719 0.167760 0.327530 0.427631 0.406882 0.068125 0.564905 0.308654 0.179780 0.242198 0.630094 0.074804 0.476314 0.655679 0.665803 0.461556 0.686370 0.104833 0.164893 0.764880 0.444431 0.632533 0.054176 0.390541 0.509441 0.404735 0.352584 0.530856 0.564353 0.709050 0.119848 0.270988 0.270588 0.806762 0.562438 0.402194 0.458400 0.148338 0.101241 0.605019 0.160260 0.690806 0.746399 0.443048 0.519449 0.337441 0.361830 0.794557 0.554073 0.535053 0.570867 0.207687 0.238417 0.623065 0.333290 0.566817 0.233858 0.488957 0.336067 0.208725 0.312324 0.506100 0.621918 0.703464 0.164155 0.429412 0.178175 0.575059 0.480551 0.308023 0.517093 0.515690 0.659596 0.125185 0.735900 0.564910 0.056675 0.399684 0.490326 0.494780 0.376704 0.370162 0.312164 0.000000 0.618588 0.246391 0.274802 0.454624 0.490638 0.516609 0.433491 0.836996 0.186497
0.678024 0.570714 0.369393 0.138464 0.239126 0.175427 0.432465 0.665617 0.451266 0.437781 0.469491 0.769016 0.560118 0.212025 0.319474 0.652667 0.536594 0.590171 0.579949 0.145395 0.094835 0.226098 0.306678 0.078182 0.639263 0.628368 0.429701 0.203506 0.501537 0.659618 0.370779 0.710881 0.321754 0.721097 0.253908 0.658034 0.185326 0.621123 0.742554 0.631288 0.404457 0.296269 0.391802 0.522953 0.511430 0.517480 0.097580 0.492421 0.141264 0.522871 0.216845 0.102843 0.290164 0.769713 0.483690 0.141280 0.684461 0.376436 0.494592 0.395886 0.147354 0.598058 0.077448 0.613371 0.312431 0.379765 0.491292 0.486858 0.779246 0.065999 0.424118 0.551589 0.680423 0.578395 0.189716 0.650786 0.361397 0.529965 0.387435 0.327144 0.684840 0.307164 0.521267 0.659651 0.219187 0.453631 0.221156 0.569436 0.421953 0.532019 0.618588 0.000000 0.373056 0.566097 0.597270 0.831648 0.615852 0.728141 0.469728 0.710116
0.350857 0.306893 0.456025 0.484031 0.157011 0.394182 0.140257 0.348001 0.078633 0.205795 0.341692 0.506323 0.192802 0.353439 0.091228 0.302773 0.255039 0.550472 0.209036 0.229947 0.410319 0.434530 0.285296 0.442950 0.284587 0.295274 0.590096 0.203105 0.514284 0.286630 0.249469 0.530776 0.206005 0.448826 0.311680 0.537825 0.468722 0.258453 0.424635 0.320351 0.615159 0.377734 0.243212 0.394988 0.169707 0.146216 0.360432 0.132911 0.456241 0.607821 0.221332 0.276035 0.094869 0.484099 0.630417 0.312644 0.532534 0.414926 0.164723 0.085575 0.394759 0.357424 0.326092 0.313689 0.289260 0.168090 0.188290 0.263341 0.566067 0.381442 0.540092 0.224191 0.466023 0.235400 0.341404 0.480236 0.116730 0.441400 0.372536 0.472903 0.317678 0.531106 0.472343 0.291193 0.153871 0.382915 0.284105 0.365863 0.264211 0.266951 0.246391 0.373056 0.000000 0.271058 0.433761 0.586623 0.484884 0.496357 0.658180 0.368128
0.120126 0.510564 0.726140 0.633990 0.411390 0.501072 0.142393 0.486976 0.247367 0.133112 0.599306 0.672715 0.289191 0.611110 0.361319 0.139954 0.459491 0.811571 0.201624 0.428154 0.561956 0.515601 0.555972 0.643985 0.376208 0.427368 0.857595 0.362602 0.783220 0.262695 0.517619 0.748544 0.254509 0.615849 0.375332 0.779492 0.582037 0.166761 0.544660 0.066739 0.876699 0.645723 0.204674 0.646965 0.344159 0.256194 0.510579 0.165016 0.682493 0.878852 0.479414 0.492379 0.297721 0.632145 0.899706 0.450094 0.762873 0.685959 0.109748 0.339961 0.634575 0.565877 0.546710 0.483810 0.312416 0.186956 0.398824 0.501277 0.761557 0.598165 0.810057 0.392468 0.672894 0.097169 0.442656 0.707853 0.209577 0.699061 0.643036 0.738643 0.218936 0.787310 0.735543 0.328413 0.376587 0.647831 0.545384 0.593551 0.524349 0.050970 0.274802 0.566097 0.271058 0.000000 0.669587 0.757304 0.727338 0.688025 0.923897 0.461245
0.699578 0.173098 0.330160 0.735508 0.409786 0.722507 0.567043 0.276395 0.424764 0.637837 0.127794 0.223078 0.401794 0.407874 0.377599 0.625298 0.215593 0.195222 0.497767 0.525817 0.683065 0.775595 0.291018 0.621448 0.368829 0.305250 0.445193 0.560320 0.246597 0.504875 0.233934 0.113765 0.626207 0.207838 0.696326 0.110933 0.770101 0.562644 0.306593 0.695103 0.515476 0.338688 0.675016 0.078371 0.329099 0.418309 0.653404 0.504632 0.568211 0.365367 0.390861 0.510558 0.488854 0.258314 0.447914 0.638784 0.099462 0.279948 0.562743 0.348447 0.495674 0.126297 0.519850 0.231444 0.698987 0.601304 0.270943 0.171417 0.186504 0.553438 0.375942 0.292281 0.104139 0.592993 0.690737 0.053826 0.549216 0.110707 0.233799 0.396728 0.579699 0.495399 0.162654 0.437600 0.472848 0.160168 0.376623 0.078272 0.189189 0.683004 0.454624 0.597270 0.433761 0.669587 0.000000 0.254080 0.062183 0.156454 0.511565 0.353292
0.746414 0.281828 0.583356 0.969771 0.617695 0.936390 0.694315 0.270898 0.545370 0.768618 0.371928 0.084608 0.468513 0.655898 0.562458 0.668689 0.331955 0.405566 0.557976 0.738720 0.910893 0.986641 0.532430 0.864544 0.385807 0.330013 0.690554 0.756883 0.485095 0.524265 0.460943 0.166060 0.792525 0.142288 0.886887 0.273970 0.993466 0.610421 0.228763 0.760918 0.763895 0.591159 0.824618 0.331583 0.430037 0.507459 0.874984 0.605661 0.817494 0.594512 0.616594 0.737140 0.665505 0.131639 0.685668 0.850160 0.218347 0.533973 0.666051 0.506593 0.743400 0.239103 0.755354 0.279265 0.874420 0.748459 0.398333 0.351133 0.082656 0.794605 0.622679 0.374470 0.154326 0.664473 0.896292 0.211265 0.700591 0.359541 0.487131 0.650475 0.598917 0.749096 0.404994 0.447470 0.673269 0.413957 0.616070 0.262383 0.409698 0.785827 0.490638 0.831648 0.586623 0.757304 0.254080 0.000000 0.274311 0.103754 0.752779 0.315098
0.760300 0.235234 0.315626 0.752847 0.445713 0.751181 0.620691 0.336535 0.481200 0.690219 0.156206 0.261012 0.463048 0.416303 0.422345 0.686449 0.276714 0.142022 0.558691 0.557299 0.704954 0.805063 0.310313 0.632645 0.430909 0.367161 0.416285 0.597727 0.210954 0.567007 0.267030 0.111720 0.671574 0.256552 0.734140 0.052955 0.793736 0.623841 0.361545 0.754624 0.490120 0.340121 0.723601 0.097711 0.389093 0.478030 0.679041 0.562331 0.572609 0.323833 0.418571 0.535320 0.533499 0.303619 0.412319 0.669417 0.070216 0.271567 0.619628 0.400430 0.503104 0.187982 0.538637 0.293209 0.741263 0.651123 0.329712 0.226488 0.196512 0.567177 0.348705 0.353873 0.142335 0.652628 0.723231 0.066082 0.598824 0.092161 0.235436 0.384019 0.641724 0.481622 0.131167 0.499747 0.510324 0.163484 0.395031 0.139946 0.229018 0.738995 0.516609 0.615852 0.484884 0.727338 0.062183 0.274311 0.000000 0.189249 0.478784 0.412978
0.690933 0.189541 0.486387 0.866348 0.516772 0.835553 0.612238 0.215884 0.462674 0.686379 0.268994 0.072690 0.399908 0.552712 0.464994 0.613228 0.242089 0.329315 0.494279 0.637548 0.808045 0.886388 0.428761 0.760811 0.331173 0.268598 0.600304 0.658611 0.398042 0.474377 0.357375 0.101523 0.701102 0.090751 0.790394 0.204402 0.891266 0.552268 0.204368 0.698983 0.671529 0.489496 0.737691 0.231696 0.349390 0.432973 0.772869 0.529872 0.714407 0.512985 0.513506 0.634203 0.570713 0.122812 0.600042 0.749549 0.150907 0.435306 0.590606 0.413743 0.640087 0.140784 0.651738 0.204369 0.781289 0.661545 0.309398 0.250585 0.073542 0.690851 0.531388 0.296604 0.052681 0.599183 0.796828 0.123168 0.612112 0.265951 0.386392 0.552494 0.551010 0.651146 0.315245 0.398584 0.573860 0.314084 0.512316 0.158732 0.306257 0.712085 0.433491 0.728141 0.496357 0.688025 0.156454 0.103754 0.189249 0.000000 0.665287 0.279105
1.008677 0.621390 0.214441 0.553200 0.513221 0.644524 0.782669 0.747126 0.710493 0.822795 0.440750 0.734382 0.769087 0.317162 0.567194 0.954774 0.627408 0.353959 0.839652 0.537225 0.554803 0.692710 0.379416 0.422252 0.795005 0.747355 0.072546 0.610809 0.267839 0.890574 0.446568 0.587605 0.734829 0.716329 0.711405 0.483960 0.635046 0.901645 0.800483 0.977785 0.067848 0.281112 0.807605 0.447129 0.689391 0.751934 0.567208 0.787809 0.335857 0.167406 0.445284 0.472966 0.631385 0.768447 0.069787 0.601911 0.537233 0.268625 0.822142 0.613072 0.329345 0.605712 0.429181 0.688952 0.758316 0.764121 0.633083 0.547015 0.673029 0.404847 0.139931 0.691944 0.614526 0.892255 0.656299 0.543640 0.722829 0.400888 0.326429 0.185410 0.948192 0.162568 0.350049 0.849687 0.558041 0.375546 0.378932 0.549249 0.473511 0.908059 0.836996 0.469728 0.658180 0.923897 0.511565 0.752779 0.478784 0.665287 0.000000 0.820474
0.434599 0.200052 0.610338 0.836636 0.471022 0.760871 0.431902 0.077256 0.300003 0.502506 0.380519 0.235258 0.190465 0.601425 0.392242 0.357637 0.197340 0.547154 0.260130 0.580946 0.766062 0.802543 0.478043 0.766736 0.089909 0.082728 0.748505 0.569308 0.578482 0.211468 0.394695 0.371465 0.560427 0.189291 0.677699 0.451253 0.832761 0.302845 0.087292 0.454566 0.804780 0.572339 0.571743 0.387587 0.202299 0.239977 0.719458 0.331102 0.750432 0.699240 0.504450 0.607274 0.462269 0.183494 0.766490 0.677224 0.409375 0.554349 0.386478 0.316641 0.676217 0.229295 0.645151 0.131962 0.646295 0.499677 0.221257 0.275753 0.346162 0.696824 0.680778 0.158690 0.292347 0.364661 0.709303 0.360450 0.461593 0.445103 0.496036 0.662168 0.284473 0.752252 0.498816 0.135900 0.503698 0.446726 0.537939 0.286131 0.354082 0.497355 0.186497 0.710116 0.368128 0.461245 0.353292 0.315098 0.412978 0.279105 0.820474 0.000000
