100
0.000000 0.800000 0.800000 1.131371 0.565685 0.400000 0.894427 0.400000 0.894427 0.519140 0.565548 0.612522 0.540527 0.585242 0.630751 0.565538 0.608417 0.652311 0.193699 0.239060 0.285972 0.176006 0.224963 0.274297 0.171572 0.221511 0.271473 0.915651 0.950196 0.986067 1.023124 0.953067 0.986303 1.020906 1.056742 0.618654 0.652716 0.688726 0.726395 0.657064 0.689231 0.723425 0.759374 0.699499 0.730088 0.740477 0.769438 0.782504 0.809965 0.825421 0.851499 0.678512 0.727557 0.690320 0.738581 0.705482 0.752772 0.723787 0.769954 0.390059 0.438838 0.487864 0.489381 0.534224 0.579912 0.301537 0.344142 0.388513 0.434110 0.641050 0.683920 0.727700 0.772236 0.671541 0.715030 0.759321 0.804281 0.849805 0.726339 0.730915 0.738854 0.750050 0.764358 0.468360 0.125986 0.926876 0.336634 0.505123 0.395341 0.333971 0.226088 0.365093 0.611240 0.583961 0.550456 0.774167 0.615164 0.848449 0.809150 0.754092
0.800000 0.000000 1.131371 0.800000 0.565685 0.894427 0.400000 0.400000 0.894427 0.772269 0.768224 0.767423 0.821968 0.818169 0.817417 0.871701 0.868120 0.867411 0.617593 0.586926 0.559057 0.656847 0.628100 0.602139 0.697478 0.670475 0.646219 0.697942 0.686716 0.678995 0.674900 0.746354 0.735867 0.728667 0.724853 0.608150 0.577193 0.549052 0.524178 0.647184 0.618185 0.591995 0.569002 0.685287 0.658292 0.727067 0.701681 0.769827 0.745898 0.813413 0.790804 0.192350 0.161120 0.230568 0.205239 0.272626 0.251567 0.316999 0.299081 0.510077 0.494007 0.482604 0.364214 0.349264 0.341055 0.679254 0.699211 0.722083 0.747605 0.711196 0.750067 0.790191 0.831386 0.407633 0.382707 0.362995 0.349378 0.342587 1.049221 1.013673 0.979389 0.946505 0.915172 0.349085 0.759026 0.555975 0.809599 0.662466 0.568925 0.571476 0.573945 0.449214 0.191496 0.987730 0.250131 0.442641 0.273417 0.464497 0.641185 0.052520
0.800000 1.131371 0.000000 0.800000 0.565685 0.400000 0.894427 0.894427 0.400000 0.374374 0.365959 0.364274 0.325961 0.316260 0.314309 0.278111 0.266674 0.264358 0.765508 0.740989 0.719115 0.723113 0.697104 0.673807 0.681750 0.654098 0.629211 0.632198 0.681271 0.730470 0.779770 0.624176 0.673833 0.723538 0.773281 0.527952 0.567484 0.608559 0.650883 0.497728 0.539480 0.582532 0.626617 0.474533 0.518567 0.451873 0.497915 0.433816 0.481587 0.420956 0.470036 0.939024 0.975052 0.904394 0.941748 0.871259 0.909974 0.839795 0.879896 0.682492 0.670567 0.662211 0.802662 0.795990 0.792422 0.575134 0.527531 0.480414 0.433943 0.426770 0.398664 0.375145 0.357120 0.737537 0.777342 0.818267 0.860152 0.902863 0.085685 0.118368 0.160249 0.205788 0.253017 0.852339 0.686107 0.783648 0.472943 0.477576 0.613094 0.653894 0.828162 0.807707 0.984134 0.216075 0.959309 0.756173 0.859463 0.793221 0.590341 1.081218
1.131371 0.800000 0.800000 0.000000 0.565685 0.894427 0.400000 0.894427 0.400000 0.683410 0.635806 0.588601 0.699794 0.653386 0.607548 0.719288 0.674223 0.629903 0.964315 0.914548 0.864807 0.960918 0.910964 0.861016 0.960115 0.910118 0.860121 0.219958 0.181211 0.149309 0.129418 0.195711 0.150860 0.110519 0.081672 0.515603 0.478698 0.444362 0.413234 0.484610 0.445143 0.407992 0.373849 0.453324 0.411379 0.429546 0.385019 0.410508 0.363658 0.396893 0.348216 0.677042 0.668840 0.628132 0.619282 0.579407 0.569802 0.530920 0.520420 0.757515 0.707901 0.658346 0.733093 0.685704 0.638713 0.837402 0.805450 0.775409 0.747508 0.526295 0.503773 0.485374 0.471581 0.509075 0.489344 0.474086 0.463744 0.458648 0.761996 0.712255 0.662553 0.612899 0.563306 0.793083 1.015377 0.253207 0.875101 0.641709 0.737065 0.801639 0.981911 0.849053 0.794718 0.825402 0.824522 0.410359 0.659551 0.353683 0.323879 0.776619
0.565685 0.565685 0.565685 0.565685 0.000000 0.400000 0.400000 0.400000 0.400000 0.219721 0.205054 0.202032 0.266347 0.254383 0.251953 0.314013 0.303931 0.301900 0.404613 0.356053 0.307953 0.396447 0.346745 0.297143 0.394498 0.344515 0.294538 0.351282 0.384519 0.421082 0.460180 0.391561 0.421635 0.455227 0.491617 0.065497 0.087151 0.126098 0.170898 0.115282 0.128823 0.157800 0.195464 0.165530 0.176438 0.215424 0.223914 0.265358 0.272295 0.315313 0.321173 0.373339 0.410296 0.339919 0.380140 0.310980 0.354499 0.287875 0.334414 0.207333 0.163863 0.125361 0.261648 0.240401 0.228311 0.275831 0.252175 0.236857 0.231539 0.154809 0.201908 0.250135 0.298945 0.187250 0.235293 0.284013 0.333112 0.382444 0.483842 0.448076 0.415260 0.386147 0.361634 0.322755 0.451034 0.376306 0.345778 0.116060 0.172568 0.238916 0.433166 0.327248 0.427312 0.437206 0.414028 0.252714 0.294478 0.320123 0.244562 0.515650
0.400000 0.894427 0.400000 0.894427 0.400000 0.000000 0.800000 0.565685 0.565685 0.211734 0.258622 0.306495 0.198016 0.247516 0.297184 0.196441 0.246258 0.296137 0.389565 0.378295 0.373434 0.341958 0.329061 0.323462 0.295144 0.280100 0.273499 0.677529 0.723534 0.770037 0.816953 0.699261 0.743923 0.789226 0.835065 0.413199 0.462643 0.512195 0.561827 0.423949 0.472270 0.520907 0.569780 0.444117 0.490887 0.465024 0.509880 0.490158 0.532902 0.518904 0.559457 0.714893 0.761599 0.698022 0.745786 0.684396 0.733048 0.674212 0.723549 0.385967 0.401396 0.422217 0.530924 0.547264 0.567552 0.225504 0.195860 0.175699 0.168461 0.369512 0.391586 0.418498 0.449379 0.580917 0.630686 0.680489 0.730318 0.780170 0.327803 0.337822 0.354673 0.377441 0.405130 0.559394 0.288630 0.759343 0.092188 0.285682 0.325714 0.330994 0.456600 0.482536 0.714890 0.183982 0.672040 0.652355 0.631310 0.717310 0.584477 0.841928
0.894427 0.400000 0.894427 0.400000 0.400000 0.800000 0.000000 0.565685 0.565685 0.609692 0.580697 0.554702 0.650132 0.623022 0.598868 0.691823 0.666412 0.643887 0.704033 0.656079 0.608455 0.719309 0.672445 0.626067 0.737664 0.692045 0.647073 0.328257 0.303658 0.285769 0.275898 0.371044 0.349470 0.334044 0.325640 0.397299 0.348069 0.299094 0.250525 0.408469 0.360766 0.313779 0.267886 0.421379 0.375886 0.443360 0.400372 0.469654 0.429308 0.499582 0.461857 0.296129 0.276863 0.252696 0.229819 0.212176 0.184336 0.176584 0.141927 0.506955 0.461068 0.416129 0.418376 0.368900 0.319588 0.649087 0.639393 0.633508 0.631539 0.481033 0.498190 0.519610 0.544789 0.229480 0.181552 0.135135 0.092529 0.062144 0.825076 0.779372 0.734227 0.689752 0.646086 0.464135 0.802219 0.163129 0.742042 0.515098 0.522944 0.569741 0.697697 0.548946 0.417281 0.817587 0.459566 0.148871 0.308029 0.102101 0.313062 0.378084
0.400000 0.400000 0.894427 0.894427 0.400000 0.565685 0.565685 0.000000 0.800000 0.522449 0.543145 0.567504 0.569122 0.588179 0.610744 0.616318 0.633957 0.654947 0.222419 0.202030 0.192775 0.266858 0.250118 0.242704 0.312979 0.298835 0.292657 0.709062 0.726103 0.746111 0.768854 0.756763 0.772753 0.791582 0.813055 0.465070 0.468610 0.477390 0.491128 0.515063 0.518262 0.526214 0.538708 0.565207 0.568497 0.615196 0.618220 0.665186 0.667984 0.715178 0.717781 0.297805 0.343000 0.323808 0.365804 0.354985 0.393670 0.390100 0.425604 0.214854 0.241476 0.274698 0.161471 0.209023 0.257503 0.340816 0.379031 0.419730 0.462258 0.546235 0.595964 0.645735 0.695539 0.385443 0.410934 0.440644 0.473779 0.509674 0.808836 0.787962 0.769775 0.754469 0.742221 0.103008 0.368777 0.651232 0.473694 0.432441 0.282816 0.243024 0.173967 0.086850 0.212467 0.705911 0.150943 0.487476 0.258054 0.554808 0.610672 0.354551
0.894427 0.894427 0.400000 0.400000 0.400000 0.565685 0.565685 0.800000 0.000000 0.378949 0.330284 0.282087 0.371458 0.321663 0.271942 0.370622 0.320696 0.270798 0.773274 0.729884 0.687392 0.750418 0.705624 0.661576 0.730275 0.684163 0.638637 0.253037 0.297462 0.343423 0.390378 0.232270 0.280009 0.328422 0.377249 0.335097 0.339993 0.351995 0.370413 0.285114 0.290852 0.304796 0.325893 0.235249 0.243047 0.185336 0.195139 0.135487 0.148616 0.085813 0.105328 0.714196 0.734191 0.668011 0.689348 0.622416 0.645262 0.577551 0.602102 0.599843 0.561597 0.525330 0.656389 0.626015 0.598284 0.596666 0.550926 0.505993 0.462101 0.263741 0.215314 0.167812 0.122318 0.491487 0.511722 0.535873 0.563436 0.593936 0.366046 0.317268 0.268939 0.221353 0.175117 0.719536 0.768679 0.423212 0.578566 0.399918 0.547334 0.612455 0.815476 0.725700 0.800030 0.451650 0.800034 0.458362 0.653332 0.465989 0.258264 0.852106
0.519140 0.772269 0.374374 0.683410 0.219721 0.211734 0.609692 0.522449 0.378949 0.000000 0.050000 0.100000 0.050000 0.070711 0.111803 0.100000 0.111803 0.141421 0.423779 0.389077 0.358012 0.391004 0.353095 0.318541 0.362187 0.320892 0.282425 0.465891 0.511801 0.558415 0.605569 0.488765 0.532708 0.577637 0.623338 0.212952 0.262840 0.312764 0.362708 0.215091 0.264576 0.314224 0.363968 0.232408 0.279596 0.254826 0.298491 0.284357 0.324068 0.319033 0.354884 0.581694 0.622703 0.553576 0.596522 0.528701 0.573513 0.507547 0.554072 0.308821 0.296589 0.292505 0.430032 0.427774 0.431340 0.232355 0.182793 0.133559 0.085221 0.157786 0.183338 0.217553 0.256994 0.406782 0.454096 0.501930 0.550150 0.598662 0.288787 0.265514 0.250195 0.244330 0.248590 0.478117 0.393188 0.552797 0.201346 0.109975 0.239794 0.287012 0.478519 0.436271 0.614037 0.218213 0.586071 0.460850 0.498951 0.519938 0.373304 0.720670
0.565548 0.768224 0.365959 0.635806 0.205054 0.258622 0.580697 0.543145 0.330284 0.050000 0.000000 0.050000 0.070711 0.050000 0.070711 0.111803 0.100000 0.111803 0.461299 0.423779 0.389077 0.431384 0.391004 0.353095 0.405447 0.362187 0.320892 0.419415 0.466111 0.513431 0.561215 0.440693 0.485347 0.530954 0.577290 0.184263 0.232709 0.281698 0.330990 0.177011 0.227010 0.277009 0.327009 0.187726 0.236360 0.206466 0.251503 0.234554 0.275029 0.269078 0.305005 0.576237 0.614740 0.544603 0.585191 0.515884 0.558563 0.490591 0.535290 0.328293 0.308821 0.296589 0.438023 0.430032 0.427774 0.273369 0.224989 0.177508 0.131902 0.112898 0.133891 0.167654 0.208059 0.388285 0.433544 0.479746 0.526641 0.574062 0.281980 0.251152 0.227248 0.212616 0.209213 0.490376 0.439579 0.514024 0.251288 0.113079 0.261482 0.315621 0.512934 0.458335 0.618233 0.237539 0.594897 0.432559 0.495200 0.487668 0.329889 0.717397
0.612522 0.767423 0.364274 0.588601 0.202032 0.306495 0.554702 0.567504 0.282087 0.100000 0.050000 0.000000 0.111803 0.070711 0.050000 0.141421 0.111803 0.100000 0.501004 0.461299 0.423779 0.473603 0.431384 0.391004 0.450106 0.405447 0.362187 0.373850 0.421401 0.469462 0.517890 0.393103 0.438572 0.484934 0.531955 0.166002 0.210290 0.256685 0.304224 0.146292 0.195106 0.244400 0.293933 0.146522 0.196363 0.159124 0.205937 0.184857 0.226411 0.219144 0.255174 0.575092 0.610780 0.540128 0.577979 0.507687 0.547784 0.478283 0.520649 0.353810 0.328293 0.308821 0.451443 0.438023 0.430032 0.316975 0.269864 0.224010 0.180372 0.074803 0.085093 0.117840 0.159786 0.375577 0.417992 0.461928 0.506989 0.552899 0.283951 0.246286 0.213742 0.188982 0.175337 0.507288 0.486684 0.477344 0.301250 0.135939 0.290249 0.349081 0.549747 0.484571 0.626404 0.265015 0.607722 0.408451 0.496481 0.458589 0.288613 0.717602
0.540527 0.821968 0.325961 0.699794 0.266347 0.198016 0.650132 0.569122 0.371458 0.050000 0.070711 0.111803 0.000000 0.050000 0.100000 0.050000 0.070711 0.111803 0.459667 0.427885 0.399847 0.423779 0.389077 0.358012 0.391004 0.353095 0.318541 0.485646 0.533174 0.581117 0.629380 0.504137 0.550069 0.596656 0.643755 0.252953 0.302088 0.351466 0.400999 0.247720 0.297720 0.347719 0.397719 0.256659 0.305892 0.270668 0.317738 0.292658 0.336667 0.320992 0.361569 0.631161 0.671783 0.602418 0.644853 0.576586 0.620789 0.554071 0.599935 0.356540 0.345999 0.342505 0.479792 0.477770 0.480965 0.266233 0.216261 0.166307 0.116393 0.182361 0.196052 0.220493 0.252583 0.452583 0.499097 0.546228 0.593828 0.641793 0.240279 0.219930 0.209772 0.211281 0.224221 0.527238 0.415456 0.584574 0.210051 0.159507 0.287179 0.330911 0.517104 0.482607 0.663993 0.170960 0.635648 0.501654 0.548596 0.557917 0.399064 0.770436
0.585242 0.818169 0.316260 0.653386 0.254383 0.247516 0.623022 0.588179 0.321663 0.070711 0.050000 0.070711 0.050000 0.000000 0.050000 0.070711 0.050000 0.070711 0.494471 0.459667 0.427885 0.461299 0.423779 0.389077 0.431384 0.391004 0.353095 0.441257 0.489483 0.538034 0.586828 0.457682 0.504341 0.551585 0.599277 0.229324 0.276271 0.324132 0.372556 0.215485 0.264896 0.314494 0.364201 0.217029 0.266950 0.225729 0.274070 0.244551 0.289769 0.271398 0.312758 0.626136 0.664408 0.594184 0.634386 0.564856 0.607004 0.538581 0.582633 0.373532 0.356540 0.345999 0.486968 0.479792 0.477770 0.302691 0.252934 0.203296 0.153892 0.145276 0.150832 0.171452 0.202586 0.436033 0.480474 0.525915 0.572117 0.618909 0.232054 0.202358 0.181792 0.173633 0.179577 0.538379 0.459604 0.548054 0.258316 0.161663 0.305522 0.356010 0.549105 0.502641 0.667875 0.195026 0.643795 0.475796 0.545186 0.527973 0.358779 0.767375
0.630751 0.817417 0.314309 0.607548 0.251953 0.297184 0.598868 0.610744 0.271942 0.111803 0.070711 0.050000 0.100000 0.050000 0.000000 0.111803 0.070711 0.050000 0.531704 0.494471 0.459667 0.501004 0.461299 0.423779 0.473603 0.431384 0.391004 0.398199 0.447117 0.496250 0.545541 0.412059 0.459504 0.507439 0.555739 0.214926 0.257670 0.302646 0.348992 0.191056 0.238124 0.286188 0.334820 0.182563 0.232281 0.183427 0.232961 0.197387 0.244104 0.221987 0.264392 0.625082 0.660745 0.590085 0.627739 0.557380 0.597100 0.527394 0.569211 0.396147 0.373532 0.356540 0.499073 0.486968 0.479792 0.342585 0.293568 0.244950 0.197024 0.118130 0.109838 0.123184 0.152591 0.424756 0.466490 0.509714 0.554079 0.599332 0.234444 0.196286 0.164598 0.143725 0.138640 0.553828 0.504844 0.513809 0.307136 0.178402 0.330477 0.385984 0.583641 0.526674 0.675446 0.227691 0.655664 0.453989 0.546350 0.501238 0.321237 0.767567
0.565538 0.871701 0.278111 0.719288 0.314013 0.196441 0.691823 0.616318 0.370622 0.100000 0.111803 0.141421 0.050000 0.070711 0.111803 0.000000 0.050000 0.100000 0.497994 0.468818 0.443376 0.459667 0.427885 0.399847 0.423779 0.389077 0.358012 0.509560 0.558219 0.607097 0.656143 0.523848 0.571292 0.619138 0.667300 0.296010 0.344135 0.392729 0.441637 0.285423 0.335073 0.384813 0.434613 0.287636 0.337589 0.294256 0.343246 0.308931 0.355907 0.330590 0.374862 0.680707 0.720989 0.651436 0.693421 0.624802 0.668461 0.601153 0.646412 0.404810 0.395557 0.392504 0.529598 0.527767 0.530661 0.304583 0.255195 0.206103 0.157581 0.215904 0.219681 0.234319 0.257974 0.499191 0.544971 0.591435 0.638434 0.685857 0.192535 0.176750 0.174389 0.185963 0.209172 0.576510 0.442278 0.618764 0.229571 0.209262 0.335324 0.376336 0.557505 0.529610 0.713956 0.125847 0.685286 0.543996 0.598299 0.597667 0.429125 0.820230
0.608417 0.868120 0.266674 0.674223 0.303931 0.246258 0.666412 0.633957 0.320696 0.111803 0.100000 0.111803 0.070711 0.050000 0.070711 0.050000 0.000000 0.050000 0.530289 0.497994 0.468818 0.494471 0.459667 0.427885 0.461299 0.423779 0.389077 0.467446 0.516651 0.565995 0.615445 0.479308 0.527407 0.575830 0.624502 0.276090 0.321710 0.368469 0.415982 0.257944 0.306279 0.355075 0.404166 0.252907 0.302751 0.253532 0.303273 0.263808 0.311915 0.282685 0.328035 0.676050 0.714122 0.643829 0.683698 0.613993 0.655679 0.586907 0.630387 0.419853 0.404810 0.395557 0.536107 0.529598 0.527767 0.336917 0.286934 0.236959 0.186996 0.185645 0.180483 0.188901 0.209269 0.484236 0.527968 0.572728 0.618291 0.664492 0.182167 0.154338 0.139483 0.141742 0.160394 0.586717 0.483985 0.584385 0.274424 0.210909 0.351161 0.398585 0.587309 0.547928 0.717567 0.156989 0.692850 0.520246 0.595174 0.569816 0.391942 0.817356
0.652311 0.867411 0.264358 0.629903 0.301900 0.296137 0.643887 0.654947 0.270798 0.141421 0.111803 0.100000 0.111803 0.070711 0.050000 0.100000 0.050000 0.000000 0.565167 0.530289 0.497994 0.531704 0.494471 0.459667 0.501004 0.461299 0.423779 0.427037 0.476705 0.526435 0.576212 0.435954 0.484708 0.533694 0.582851 0.264254 0.305886 0.349717 0.395017 0.237915 0.283442 0.330266 0.377905 0.224031 0.272673 0.216727 0.266705 0.220797 0.270022 0.235652 0.282299 0.675074 0.710716 0.640048 0.677535 0.607123 0.646522 0.576659 0.618003 0.440094 0.419853 0.404810 0.547127 0.536107 0.529598 0.373170 0.323323 0.273534 0.223837 0.165269 0.147946 0.146500 0.161358 0.474107 0.515275 0.557888 0.601639 0.646298 0.185203 0.146287 0.116188 0.102954 0.112691 0.600923 0.527137 0.552396 0.320802 0.223998 0.373076 0.425571 0.619720 0.570055 0.724619 0.196096 0.703892 0.500381 0.596240 0.545137 0.357896 0.817536
0.193699 0.617593 0.765508 0.964315 0.404613 0.389565 0.704033 0.222419 0.773274 0.423779 0.461299 0.501004 0.459667 0.494471 0.531704 0.497994 0.530289 0.565167 0.000000 0.050000 0.100000 0.050000 0.070711 0.111803 0.100000 0.111803 0.141421 0.754649 0.784503 0.816330 0.849908 0.796051 0.824407 0.854749 0.886874 0.464788 0.490742 0.520218 0.552654 0.509223 0.533018 0.560274 0.590513 0.556394 0.578617 0.602380 0.622965 0.648960 0.668111 0.696014 0.713905 0.486085 0.535475 0.496711 0.545140 0.512021 0.559125 0.531610 0.577117 0.208023 0.258023 0.308023 0.295687 0.340884 0.387264 0.193605 0.243459 0.293363 0.343294 0.510137 0.557961 0.606137 0.654586 0.485227 0.526536 0.569240 0.613048 0.657740 0.683157 0.674438 0.669350 0.667976 0.670339 0.277085 0.147332 0.747038 0.300554 0.373394 0.233294 0.166105 0.067730 0.173103 0.426516 0.557206 0.367733 0.589711 0.421484 0.663688 0.648219 0.569548
0.239060 0.586926 0.740989 0.914548 0.356053 0.378295 0.656079 0.202030 0.729884 0.389077 0.423779 0.461299 0.427885 0.459667 0.494471 0.468818 0.497994 0.530289 0.050000 0.000000 0.050000 0.070711 0.050000 0.070711 0.111803 0.100000 0.111803 0.705437 0.734885 0.766466 0.799928 0.747200 0.775063 0.805069 0.836989 0.417042 0.441801 0.470587 0.502708 0.462243 0.484699 0.511074 0.540796 0.509994 0.530831 0.556638 0.575790 0.603819 0.621519 0.651421 0.667860 0.446377 0.496157 0.454049 0.503070 0.466978 0.514770 0.484743 0.530939 0.158024 0.208023 0.258023 0.252308 0.295687 0.340884 0.165883 0.213942 0.262726 0.311895 0.466242 0.514711 0.563447 0.612387 0.435925 0.477796 0.521102 0.565514 0.610790 0.657351 0.645552 0.637468 0.633240 0.632945 0.240709 0.172136 0.697133 0.286759 0.330768 0.185983 0.118843 0.089442 0.137822 0.395447 0.537195 0.339033 0.540163 0.378432 0.614213 0.599125 0.537560
0.285972 0.559057 0.719115 0.864807 0.307953 0.373434 0.608455 0.192775 0.687392 0.358012 0.389077 0.423779 0.399847 0.427885 0.459667 0.443376 0.468818 0.497994 0.100000 0.050000 0.000000 0.111803 0.070711 0.050000 0.141421 0.111803 0.100000 0.656345 0.685323 0.716621 0.749950 0.698512 0.725808 0.755431 0.787118 0.369892 0.393127 0.421042 0.452775 0.415968 0.436758 0.462045 0.491135 0.464342 0.483493 0.511693 0.529134 0.559505 0.575499 0.607670 0.622427 0.408933 0.458923 0.413036 0.462583 0.423050 0.471545 0.438570 0.485518 0.108024 0.158024 0.208023 0.211867 0.252308 0.295687 0.150172 0.193054 0.238721 0.285843 0.423702 0.472793 0.522056 0.571448 0.386802 0.429347 0.473351 0.518444 0.564365 0.634443 0.619362 0.608031 0.600660 0.597398 0.210012 0.206289 0.647242 0.281297 0.290503 0.140546 0.075210 0.128111 0.114127 0.368566 0.521228 0.315688 0.490707 0.337303 0.564831 0.550194 0.508484
0.176006 0.656847 0.723113 0.960918 0.396447 0.341958 0.719309 0.266858 0.750418 0.391004 0.431384 0.473603 0.423779 0.461299 0.501004 0.459667 0.494471 0.531704 0.050000 0.070711 0.111803 0.000000 0.050000 0.100000 0.050000 0.070711 0.111803 0.747723 0.780112 0.814285 0.850026 0.787245 0.818071 0.850721 0.884992 0.453277 0.483524 0.516846 0.552688 0.495182 0.523010 0.553962 0.587545 0.540583 0.566559 0.584792 0.608885 0.629868 0.652298 0.675637 0.696595 0.516789 0.566623 0.523430 0.572686 0.534684 0.582990 0.550268 0.597315 0.214055 0.262910 0.312128 0.321714 0.363691 0.407483 0.158650 0.208383 0.258219 0.308109 0.489279 0.535668 0.582654 0.630104 0.495581 0.539380 0.584175 0.629754 0.675958 0.641743 0.635243 0.632638 0.633979 0.639240 0.311377 0.102510 0.751667 0.254381 0.351520 0.224036 0.159728 0.117467 0.208176 0.465357 0.512723 0.408157 0.598188 0.447715 0.672467 0.640999 0.607771
0.224963 0.628100 0.697104 0.910964 0.346745 0.329061 0.672445 0.250118 0.705624 0.353095 0.391004 0.431384 0.389077 0.423779 0.461299 0.427885 0.459667 0.494471 0.070711 0.050000 0.070711 0.050000 0.000000 0.050000 0.070711 0.050000 0.070711 0.698023 0.730196 0.764287 0.800053 0.737812 0.768320 0.800791 0.834994 0.404174 0.433769 0.466856 0.502746 0.446727 0.473671 0.504147 0.537553 0.492696 0.517661 0.537555 0.560526 0.583251 0.604488 0.629602 0.649325 0.479630 0.529622 0.483133 0.532797 0.491721 0.540597 0.505136 0.552827 0.165883 0.214055 0.262910 0.282362 0.321714 0.363691 0.123304 0.172980 0.222801 0.272688 0.443324 0.490455 0.538104 0.586145 0.447421 0.491914 0.537377 0.583582 0.630366 0.614200 0.604487 0.598805 0.597269 0.599911 0.279500 0.135766 0.702091 0.237923 0.305860 0.174229 0.109753 0.131191 0.179909 0.437058 0.490902 0.382502 0.549405 0.407445 0.623689 0.591306 0.577903
0.274297 0.602139 0.673807 0.861016 0.297143 0.323462 0.626067 0.242704 0.661576 0.318541 0.353095 0.391004 0.358012 0.389077 0.423779 0.399847 0.427885 0.459667 0.111803 0.070711 0.050000 0.100000 0.050000 0.000000 0.111803 0.070711 0.050000 0.648369 0.680292 0.714291 0.750083 0.688460 0.718604 0.750870 0.784997 0.355320 0.384078 0.416869 0.452817 0.398655 0.424488 0.454371 0.487562 0.445274 0.468996 0.490867 0.512482 0.537244 0.557063 0.584219 0.602495 0.444993 0.494912 0.444810 0.494747 0.450214 0.499612 0.461009 0.509361 0.119226 0.165883 0.214055 0.246895 0.282362 0.321714 0.101184 0.146359 0.193916 0.242459 0.398343 0.446264 0.494597 0.543232 0.399713 0.445005 0.491210 0.538095 0.585495 0.589618 0.576434 0.567366 0.562611 0.562280 0.253544 0.177078 0.652579 0.231311 0.261792 0.124576 0.059821 0.160074 0.162473 0.412894 0.473376 0.361972 0.500862 0.369558 0.575121 0.541669 0.550960
0.171572 0.697478 0.681750 0.960115 0.394498 0.295144 0.737664 0.312979 0.730275 0.362187 0.405447 0.450106 0.391004 0.431384 0.473603 0.423779 0.461299 0.501004 0.100000 0.111803 0.141421 0.050000 0.070711 0.111803 0.000000 0.050000 0.100000 0.744099 0.778912 0.815306 0.853080 0.781546 0.814760 0.849620 0.885932 0.447093 0.481417 0.518298 0.557228 0.485903 0.517660 0.552125 0.588823 0.529042 0.558731 0.571054 0.598663 0.614263 0.640011 0.658434 0.682517 0.550330 0.600325 0.553386 0.603127 0.560900 0.610028 0.572696 0.620892 0.231009 0.276889 0.323990 0.352943 0.391587 0.432564 0.133628 0.180484 0.228676 0.277508 0.472810 0.517261 0.562644 0.608752 0.510643 0.556436 0.602898 0.649886 0.697292 0.601636 0.597662 0.597858 0.602219 0.610657 0.349478 0.065650 0.759567 0.209968 0.335722 0.225739 0.168626 0.167361 0.248414 0.506160 0.469351 0.450507 0.610655 0.477754 0.684794 0.637629 0.647601
0.221511 0.670475 0.654098 0.910118 0.344515 0.280100 0.692045 0.298835 0.684163 0.320892 0.362187 0.405447 0.353095 0.391004 0.431384 0.389077 0.423779 0.461299 0.111803 0.100000 0.111803 0.070711 0.050000 0.070711 0.050000 0.000000 0.050000 0.694140 0.728914 0.765376 0.803297 0.731727 0.764794 0.799622 0.835991 0.397226 0.431420 0.468463 0.507733 0.436419 0.467757 0.502127 0.538949 0.480006 0.509082 0.522577 0.549405 0.566363 0.591208 0.611104 0.634198 0.515594 0.565533 0.515436 0.565389 0.520107 0.569651 0.529479 0.578220 0.187251 0.231009 0.276889 0.317486 0.352943 0.391587 0.088829 0.138106 0.187766 0.237568 0.425077 0.470282 0.516371 0.563128 0.464048 0.510559 0.557674 0.605252 0.653191 0.572165 0.564864 0.561934 0.563443 0.569356 0.321402 0.110608 0.710542 0.189694 0.287566 0.176413 0.122342 0.177263 0.225255 0.480271 0.445410 0.427402 0.562953 0.440240 0.636961 0.587651 0.619655
0.271473 0.646219 0.629211 0.860121 0.294538 0.273499 0.647073 0.292657 0.638637 0.282425 0.320892 0.362187 0.318541 0.353095 0.391004 0.358012 0.389077 0.423779 0.141421 0.111803 0.100000 0.111803 0.070711 0.050000 0.100000 0.050000 0.000000 0.644187 0.678916 0.715455 0.753542 0.681936 0.714833 0.749624 0.786057 0.347397 0.381423 0.418668 0.458347 0.387069 0.417878 0.452129 0.489101 0.431190 0.459509 0.474416 0.500294 0.518860 0.542623 0.564235 0.586161 0.483540 0.533166 0.479700 0.529686 0.481055 0.530913 0.487560 0.536815 0.147515 0.187251 0.231009 0.286402 0.317486 0.352943 0.054082 0.102820 0.152378 0.202154 0.377931 0.423994 0.470861 0.518313 0.418241 0.465532 0.513336 0.561523 0.610002 0.545693 0.534737 0.528305 0.526563 0.529558 0.299106 0.158613 0.661663 0.181333 0.240163 0.127614 0.080626 0.199587 0.211589 0.458391 0.426017 0.409131 0.515686 0.405430 0.589487 0.537677 0.594608
0.915651 0.697942 0.632198 0.219958 0.351282 0.677529 0.328257 0.709062 0.253037 0.465891 0.419415 0.373850 0.485646 0.441257 0.398199 0.509560 0.467446 0.427037 0.754649 0.705437 0.656345 0.747723 0.698023 0.648369 0.744099 0.694140 0.644187 0.000000 0.050000 0.100000 0.150000 0.050000 0.070711 0.111803 0.158114 0.297496 0.264299 0.237072 0.218066 0.264731 0.226787 0.194376 0.170680 0.234239 0.191421 0.215531 0.168011 0.207460 0.157524 0.211247 0.162480 0.539466 0.545920 0.489658 0.496760 0.439894 0.447786 0.390191 0.399067 0.550948 0.502487 0.454359 0.548888 0.505665 0.463805 0.619167 0.586051 0.555467 0.527856 0.308168 0.290425 0.280582 0.279474 0.334922 0.332441 0.337434 0.349580 0.368172 0.580108 0.530319 0.480574 0.430888 0.381284 0.612075 0.797812 0.173452 0.655417 0.421911 0.523816 0.589769 0.777802 0.653620 0.646092 0.622758 0.663635 0.259059 0.500256 0.237590 0.106724 0.663156
0.950196 0.686716 0.681271 0.181211 0.384519 0.723534 0.303658 0.726103 0.297462 0.511801 0.466111 0.421401 0.533174 0.489483 0.447117 0.558219 0.516651 0.476705 0.784503 0.734885 0.685323 0.780112 0.730196 0.680292 0.778912 0.728914 0.678916 0.050000 0.000000 0.050000 0.100000 0.070711 0.050000 0.070711 0.111803 0.334895 0.297496 0.264299 0.237072 0.306159 0.264731 0.226787 0.194376 0.279452 0.234239 0.263969 0.215531 0.257421 0.207460 0.260483 0.211247 0.537604 0.539466 0.487606 0.489658 0.437609 0.439894 0.387612 0.390191 0.578577 0.529307 0.480186 0.564851 0.519557 0.475208 0.656489 0.625352 0.596786 0.571175 0.354050 0.338720 0.330319 0.329378 0.344715 0.334922 0.332441 0.337434 0.349580 0.629930 0.580108 0.530319 0.480574 0.430888 0.626895 0.834251 0.142010 0.698506 0.462544 0.556148 0.621066 0.804254 0.675245 0.648716 0.672269 0.670701 0.257594 0.505700 0.222257 0.143598 0.654876
0.986067 0.678995 0.730470 0.149309 0.421082 0.770037 0.285769 0.746111 0.343423 0.558415 0.513431 0.469462 0.581117 0.538034 0.496250 0.607097 0.565995 0.526435 0.816330 0.766466 0.716621 0.814285 0.764287 0.714291 0.815306 0.765376 0.715455 0.100000 0.050000 0.000000 0.050000 0.111803 0.070711 0.050000 0.070711 0.375240 0.334895 0.297496 0.264299 0.349834 0.306159 0.264731 0.226787 0.326066 0.279452 0.312898 0.263969 0.307394 0.257421 0.309963 0.260483 0.540382 0.537604 0.490667 0.487606 0.441017 0.437609 0.391456 0.387612 0.609065 0.559319 0.509623 0.584666 0.537757 0.491456 0.695405 0.666090 0.639346 0.615509 0.400919 0.387447 0.380125 0.379308 0.361226 0.344715 0.334922 0.332441 0.337434 0.679778 0.629930 0.580108 0.530319 0.480574 0.645259 0.872036 0.123484 0.742461 0.504861 0.590947 0.654691 0.832871 0.699781 0.655156 0.721848 0.681372 0.265702 0.515955 0.217594 0.186684 0.650346
1.023124 0.674900 0.779770 0.129418 0.460180 0.816953 0.275898 0.768854 0.390378 0.605569 0.561215 0.517890 0.629380 0.586828 0.545541 0.656143 0.615445 0.576212 0.849908 0.799928 0.749950 0.850026 0.800053 0.750083 0.853080 0.803297 0.753542 0.150000 0.100000 0.050000 0.000000 0.158114 0.111803 0.070711 0.050000 0.417678 0.375240 0.334895 0.297496 0.395011 0.349834 0.306159 0.264731 0.373557 0.326066 0.362120 0.312898 0.357375 0.307394 0.359587 0.309963 0.547729 0.540382 0.498747 0.490667 0.449990 0.441017 0.401538 0.391456 0.642003 0.592039 0.542082 0.607958 0.559843 0.512090 0.735661 0.708015 0.682915 0.660652 0.448464 0.436462 0.429975 0.429253 0.383588 0.361226 0.344715 0.334922 0.332441 0.729647 0.679778 0.629930 0.580108 0.530319 0.666874 0.910998 0.123813 0.787139 0.548473 0.627802 0.690301 0.863437 0.726932 0.665301 0.771481 0.695483 0.282561 0.530741 0.224268 0.232554 0.649644
0.953067 0.746354 0.624176 0.195711 0.391561 0.699261 0.371044 0.756763 0.232270 0.488765 0.440693 0.393103 0.504137 0.457682 0.412059 0.523848 0.479308 0.435954 0.796051 0.747200 0.698512 0.787245 0.737812 0.688460 0.781546 0.731727 0.681936 0.050000 0.070711 0.111803 0.158114 0.000000 0.050000 0.100000 0.150000 0.334553 0.305410 0.282178 0.266410 0.297496 0.264299 0.237072 0.218066 0.261308 0.223732 0.234239 0.191421 0.215531 0.168011 0.207460 0.157524 0.589306 0.595220 0.539466 0.545920 0.489658 0.496760 0.439894 0.447786 0.594196 0.546335 0.498894 0.597075 0.554419 0.513092 0.654432 0.619167 0.586051 0.555467 0.332548 0.308168 0.290425 0.280582 0.384586 0.382427 0.386775 0.397416 0.413865 0.577869 0.527869 0.477869 0.427869 0.377869 0.660494 0.833579 0.211411 0.682927 0.454135 0.563941 0.630477 0.821321 0.699703 0.696088 0.631945 0.713381 0.308726 0.550176 0.284084 0.148905 0.712194
0.986303 0.735867 0.673833 0.150860 0.421635 0.743923 0.349470 0.772753 0.280009 0.532708 0.485347 0.438572 0.550069 0.504341 0.459504 0.571292 0.527407 0.484708 0.824407 0.775063 0.725808 0.818071 0.768320 0.718604 0.814760 0.764794 0.714833 0.070711 0.050000 0.070711 0.111803 0.050000 0.000000 0.050000 0.100000 0.368206 0.334553 0.305410 0.282178 0.334895 0.297496 0.264299 0.237072 0.302502 0.261308 0.279452 0.234239 0.263969 0.215531 0.257421 0.207460 0.587602 0.589306 0.537604 0.539466 0.487606 0.489658 0.437609 0.439894 0.619900 0.571099 0.522525 0.611781 0.567119 0.523422 0.689848 0.656489 0.625352 0.596786 0.375463 0.354050 0.338720 0.330319 0.393143 0.384586 0.382427 0.386775 0.397416 0.627869 0.577869 0.527869 0.477869 0.427869 0.674251 0.868519 0.186483 0.724381 0.492114 0.594093 0.659846 0.846414 0.719945 0.698524 0.680788 0.719959 0.307498 0.555130 0.271390 0.177209 0.704491
1.020906 0.728667 0.723538 0.110519 0.455227 0.789226 0.334044 0.791582 0.328422 0.577637 0.530954 0.484934 0.596656 0.551585 0.507439 0.619138 0.575830 0.533694 0.854749 0.805069 0.755431 0.850721 0.800791 0.750870 0.849620 0.799622 0.749624 0.111803 0.070711 0.050000 0.070711 0.100000 0.050000 0.000000 0.050000 0.405248 0.368206 0.334553 0.305410 0.375240 0.334895 0.297496 0.264299 0.346025 0.302502 0.326066 0.279452 0.312898 0.263969 0.307394 0.257421 0.590144 0.587602 0.540382 0.537604 0.490667 0.487606 0.441017 0.437609 0.648447 0.599021 0.549699 0.630123 0.583837 0.538217 0.726980 0.695405 0.666090 0.639346 0.419948 0.400919 0.387447 0.380125 0.407698 0.393143 0.384586 0.382427 0.386775 0.677869 0.627869 0.577869 0.527869 0.477869 0.691358 0.904874 0.172793 0.766855 0.532085 0.626788 0.691588 0.873651 0.743006 0.704508 0.729788 0.729910 0.314321 0.564488 0.267585 0.213620 0.700282
1.056742 0.724853 0.773281 0.081672 0.491617 0.835065 0.325640 0.813055 0.377249 0.623338 0.577290 0.531955 0.643755 0.599277 0.555739 0.667300 0.624502 0.582851 0.886874 0.836989 0.787118 0.884992 0.834994 0.784997 0.885932 0.835991 0.786057 0.158114 0.111803 0.070711 0.050000 0.150000 0.100000 0.050000 0.000000 0.444833 0.405248 0.368206 0.334553 0.417678 0.375240 0.334895 0.297496 0.391100 0.346025 0.373557 0.326066 0.362120 0.312898 0.357375 0.307394 0.596879 0.590144 0.547729 0.540382 0.498747 0.490667 0.449990 0.441017 0.679479 0.629682 0.579919 0.651792 0.604242 0.557122 0.765578 0.735661 0.708015 0.682915 0.465554 0.448464 0.436462 0.429975 0.427636 0.407698 0.393143 0.384586 0.382427 0.727869 0.677869 0.627869 0.577869 0.527869 0.711574 0.942480 0.173028 0.810189 0.573630 0.661650 0.725389 0.902838 0.768632 0.713953 0.778915 0.743100 0.328696 0.578033 0.273040 0.254684 0.699630
0.618654 0.608150 0.527952 0.515603 0.065497 0.413199 0.397299 0.465070 0.335097 0.212952 0.184263 0.166002 0.252953 0.229324 0.214926 0.296010 0.276090 0.264254 0.464788 0.417042 0.369892 0.453277 0.404174 0.355320 0.447093 0.397226 0.347397 0.297496 0.334895 0.375240 0.417678 0.334553 0.368206 0.405248 0.444833 0.000000 0.050000 0.100000 0.150000 0.050000 0.070711 0.111803 0.158114 0.100163 0.113829 0.150133 0.159576 0.200118 0.207296 0.250109 0.255888 0.416710 0.449225 0.378564 0.414085 0.343473 0.382269 0.312469 0.354673 0.271751 0.229232 0.190383 0.323360 0.297874 0.279100 0.321855 0.290861 0.265723 0.248230 0.103052 0.144639 0.190319 0.237744 0.209859 0.252063 0.296699 0.342820 0.389898 0.449328 0.409585 0.372321 0.338359 0.308789 0.385594 0.500320 0.347063 0.371855 0.131946 0.231509 0.298687 0.496283 0.392744 0.481487 0.421799 0.472697 0.248708 0.342374 0.307127 0.191748 0.559704
0.652716 0.577193 0.567484 0.478698 0.087151 0.462643 0.348069 0.468610 0.339993 0.262840 0.232709 0.210290 0.302088 0.276271 0.257670 0.344135 0.321710 0.305886 0.490742 0.441801 0.393127 0.483524 0.433769 0.384078 0.481417 0.431420 0.381423 0.264299 0.297496 0.334895 0.375240 0.305410 0.334553 0.368206 0.405248 0.050000 0.000000 0.050000 0.100000 0.070711 0.050000 0.070711 0.111803 0.110036 0.100163 0.156892 0.150133 0.205238 0.200118 0.254224 0.250109 0.387932 0.416710 0.346633 0.378564 0.307925 0.343473 0.272912 0.312469 0.289666 0.243041 0.198070 0.318103 0.286044 0.259718 0.360625 0.333255 0.311558 0.296778 0.140902 0.173650 0.213202 0.256429 0.171890 0.209859 0.252063 0.296699 0.342820 0.490951 0.449328 0.409585 0.372321 0.338359 0.381962 0.537253 0.298972 0.418885 0.179436 0.259544 0.325515 0.516716 0.402287 0.462683 0.469981 0.460131 0.199871 0.318663 0.257149 0.157630 0.530288
0.688726 0.549052 0.608559 0.444362 0.126098 0.512195 0.299094 0.477390 0.351995 0.312764 0.281698 0.256685 0.351466 0.324132 0.302646 0.392729 0.368469 0.349717 0.520218 0.470587 0.421042 0.516846 0.466856 0.416869 0.518298 0.468463 0.418668 0.237072 0.264299 0.297496 0.334895 0.282178 0.305410 0.334553 0.368206 0.100000 0.050000 0.000000 0.050000 0.111803 0.070711 0.050000 0.070711 0.138504 0.110036 0.178019 0.156892 0.221806 0.205238 0.267778 0.254224 0.363780 0.387932 0.319373 0.346633 0.276879 0.307925 0.237330 0.272912 0.314585 0.265690 0.217298 0.320651 0.282690 0.249018 0.401882 0.377516 0.358507 0.345740 0.184627 0.210685 0.244313 0.282824 0.141603 0.171890 0.209859 0.252063 0.296699 0.534012 0.490951 0.449328 0.409585 0.372321 0.384846 0.576162 0.251625 0.466533 0.228001 0.293479 0.357360 0.541012 0.417638 0.448690 0.518507 0.452767 0.151793 0.301450 0.207182 0.133893 0.504126
0.726395 0.524178 0.650883 0.413234 0.170898 0.561827 0.250525 0.491128 0.370413 0.362708 0.330990 0.304224 0.400999 0.372556 0.348992 0.441637 0.415982 0.395017 0.552654 0.502708 0.452775 0.552688 0.502746 0.452817 0.557228 0.507733 0.458347 0.218066 0.237072 0.264299 0.297496 0.266410 0.282178 0.305410 0.334553 0.150000 0.100000 0.050000 0.000000 0.158114 0.111803 0.070711 0.050000 0.176802 0.138504 0.209204 0.178019 0.247535 0.221806 0.289449 0.267778 0.345224 0.363780 0.298066 0.319373 0.252005 0.276879 0.207773 0.237330 0.344994 0.295149 0.245366 0.330825 0.288107 0.248126 0.444937 0.423058 0.406186 0.394963 0.230913 0.252234 0.280932 0.314997 0.124726 0.141603 0.171890 0.209859 0.252063 0.578191 0.534012 0.490951 0.449328 0.409585 0.394104 0.616671 0.205538 0.514627 0.277078 0.331506 0.393004 0.568677 0.438187 0.439965 0.567290 0.450862 0.105516 0.291888 0.157235 0.126521 0.481746
0.657064 0.647184 0.497728 0.484610 0.115282 0.423949 0.408469 0.515063 0.285114 0.215091 0.177011 0.146292 0.247720 0.215485 0.191056 0.285423 0.257944 0.237915 0.509223 0.462243 0.415968 0.495182 0.446727 0.398655 0.485903 0.436419 0.387069 0.264731 0.306159 0.349834 0.395011 0.297496 0.334895 0.375240 0.417678 0.050000 0.070711 0.111803 0.158114 0.000000 0.050000 0.100000 0.150000 0.050252 0.073823 0.100163 0.113829 0.150133 0.159576 0.200118 0.207296 0.457148 0.486970 0.416710 0.449225 0.378564 0.414085 0.343473 0.382269 0.320081 0.278594 0.240370 0.372639 0.345676 0.324228 0.357186 0.321855 0.290861 0.265723 0.072930 0.103052 0.144639 0.190319 0.242597 0.279907 0.320691 0.363782 0.408451 0.422353 0.379797 0.339277 0.301617 0.268023 0.435176 0.536423 0.337847 0.392649 0.157219 0.276262 0.343463 0.543109 0.442370 0.527268 0.410511 0.520597 0.262935 0.385663 0.312507 0.163182 0.599827
0.689231 0.618185 0.539480 0.445143 0.128823 0.472270 0.360766 0.518262 0.290852 0.264576 0.227010 0.195106 0.297720 0.264896 0.238124 0.335073 0.306279 0.283442 0.533018 0.484699 0.436758 0.523010 0.473671 0.424488 0.517660 0.467757 0.417878 0.226787 0.264731 0.306159 0.349834 0.264299 0.297496 0.334895 0.375240 0.070711 0.050000 0.070711 0.111803 0.050000 0.000000 0.050000 0.100000 0.067829 0.050252 0.110036 0.100163 0.156892 0.150133 0.205238 0.200118 0.431078 0.457148 0.387932 0.416710 0.346633 0.378564 0.307925 0.343473 0.335424 0.290063 0.246503 0.368087 0.335536 0.307702 0.392481 0.360625 0.333255 0.311558 0.120634 0.140902 0.173650 0.213202 0.210614 0.242597 0.279907 0.320691 0.363782 0.466389 0.422353 0.379797 0.339277 0.301617 0.431960 0.571026 0.288222 0.437449 0.198759 0.300146 0.367032 0.561842 0.450864 0.510155 0.459877 0.509215 0.217318 0.364777 0.263551 0.121279 0.572477
0.723425 0.591995 0.582532 0.407992 0.157800 0.520907 0.313779 0.526214 0.304796 0.314224 0.277009 0.244400 0.347719 0.314494 0.286188 0.384813 0.355075 0.330266 0.560274 0.511074 0.462045 0.553962 0.504147 0.454371 0.552125 0.502127 0.452129 0.194376 0.226787 0.264731 0.306159 0.237072 0.264299 0.297496 0.334895 0.111803 0.070711 0.050000 0.070711 0.100000 0.050000 0.000000 0.050000 0.108056 0.067829 0.138504 0.110036 0.178019 0.156892 0.221806 0.205238 0.409478 0.431078 0.363780 0.387932 0.319373 0.346633 0.276879 0.307925 0.357165 0.309287 0.262203 0.370291 0.332681 0.298726 0.430697 0.401882 0.377516 0.358507 0.169666 0.184627 0.210685 0.244313 0.186718 0.210614 0.242597 0.279907 0.320691 0.511522 0.466389 0.422353 0.379797 0.339277 0.434513 0.607776 0.238753 0.483270 0.243501 0.329931 0.395548 0.584265 0.464612 0.497498 0.509367 0.502571 0.174126 0.349840 0.215076 0.088253 0.548331
0.759374 0.569002 0.626617 0.373849 0.195464 0.569780 0.267886 0.538708 0.325893 0.363968 0.327009 0.293933 0.397719 0.364201 0.334820 0.434613 0.404166 0.377905 0.590513 0.540796 0.491135 0.587545 0.537553 0.487562 0.588823 0.538949 0.489101 0.170680 0.194376 0.226787 0.264731 0.218066 0.237072 0.264299 0.297496 0.158114 0.111803 0.070711 0.050000 0.150000 0.100000 0.050000 0.000000 0.154116 0.108056 0.176802 0.138504 0.209204 0.178019 0.247535 0.221806 0.393086 0.409478 0.345224 0.363780 0.298066 0.319373 0.252005 0.276879 0.384219 0.334934 0.285896 0.379135 0.337296 0.297983 0.471126 0.444937 0.423058 0.406186 0.219135 0.230913 0.252234 0.280932 0.174266 0.186718 0.210614 0.242597 0.279907 0.557487 0.511522 0.466389 0.422353 0.379797 0.442734 0.646307 0.189562 0.529847 0.289966 0.364172 0.428024 0.609971 0.483168 0.489643 0.558948 0.500855 0.135693 0.341634 0.167500 0.076608 0.527829
0.699499 0.685287 0.474533 0.453324 0.165530 0.444117 0.421379 0.565207 0.235249 0.232408 0.187726 0.146522 0.256659 0.217029 0.182563 0.287636 0.252907 0.224031 0.556394 0.509994 0.464342 0.540583 0.492696 0.445274 0.529042 0.480006 0.431190 0.234239 0.279452 0.326066 0.373557 0.261308 0.302502 0.346025 0.391100 0.100163 0.110036 0.138504 0.176802 0.050252 0.067829 0.108056 0.154116 0.000000 0.050000 0.050000 0.070711 0.100000 0.111803 0.150000 0.158114 0.497215 0.524360 0.454839 0.484365 0.414167 0.446392 0.375753 0.411001 0.369820 0.328769 0.290536 0.421590 0.393102 0.369216 0.398335 0.360101 0.325076 0.294408 0.074907 0.076841 0.105821 0.146600 0.277979 0.310391 0.347006 0.386631 0.428431 0.403700 0.358347 0.314407 0.272563 0.233944 0.484471 0.577325 0.331660 0.421981 0.195215 0.324135 0.391151 0.591847 0.492601 0.572336 0.409360 0.567883 0.281746 0.428699 0.321591 0.142406 0.639123
0.730088 0.658292 0.518567 0.411379 0.176438 0.490887 0.375886 0.568497 0.243047 0.279596 0.236360 0.196363 0.305892 0.266950 0.232281 0.337589 0.302751 0.272673 0.578617 0.530831 0.483493 0.566559 0.517661 0.468996 0.558731 0.509082 0.459509 0.191421 0.234239 0.279452 0.326066 0.223732 0.261308 0.302502 0.346025 0.113829 0.100163 0.110036 0.138504 0.073823 0.050252 0.067829 0.108056 0.050000 0.000000 0.070711 0.050000 0.111803 0.100000 0.158114 0.150000 0.473805 0.497215 0.429124 0.454839 0.385750 0.414167 0.344179 0.375753 0.383731 0.339169 0.296348 0.418080 0.384768 0.355390 0.430761 0.395672 0.364086 0.336987 0.123569 0.124751 0.144418 0.176494 0.251401 0.277979 0.310391 0.347006 0.386631 0.450038 0.403700 0.358347 0.314407 0.272563 0.482025 0.609959 0.281698 0.464414 0.230913 0.345333 0.412517 0.609432 0.500667 0.556992 0.459312 0.557848 0.240620 0.410528 0.275034 0.093724 0.613872
0.740477 0.727067 0.451873 0.429546 0.215424 0.465024 0.443360 0.615196 0.185336 0.254826 0.206466 0.159124 0.270668 0.225729 0.183427 0.294256 0.253532 0.216727 0.602380 0.556638 0.511693 0.584792 0.537555 0.490867 0.571054 0.522577 0.474416 0.215531 0.263969 0.312898 0.362120 0.234239 0.279452 0.326066 0.373557 0.150133 0.156892 0.178019 0.209204 0.100163 0.110036 0.138504 0.176802 0.050000 0.070711 0.000000 0.050000 0.050000 0.070711 0.100000 0.111803 0.540894 0.565948 0.497215 0.524360 0.454839 0.484365 0.414167 0.446392 0.418781 0.378370 0.340515 0.471215 0.441927 0.416599 0.438941 0.398335 0.360101 0.325076 0.101575 0.074907 0.076841 0.105821 0.319518 0.348083 0.381094 0.417496 0.456479 0.386609 0.338977 0.292138 0.246544 0.203034 0.534242 0.617042 0.337184 0.451633 0.235424 0.371208 0.437903 0.639501 0.542316 0.619482 0.410107 0.616505 0.310913 0.474664 0.341703 0.141944 0.681915
0.769438 0.701681 0.497915 0.385019 0.223914 0.509880 0.400372 0.618220 0.195139 0.298491 0.251503 0.205937 0.317738 0.274070 0.232961 0.343246 0.303273 0.266705 0.622965 0.575790 0.529134 0.608885 0.560526 0.512482 0.598663 0.549405 0.500294 0.168011 0.215531 0.263969 0.312898 0.191421 0.234239 0.279452 0.326066 0.159576 0.150133 0.156892 0.178019 0.113829 0.100163 0.110036 0.138504 0.070711 0.050000 0.050000 0.000000 0.070711 0.050000 0.111803 0.100000 0.519457 0.540894 0.473805 0.497215 0.429124 0.454839 0.385750 0.414167 0.431114 0.387441 0.345487 0.468077 0.434530 0.404396 0.468565 0.430761 0.395672 0.364086 0.141336 0.123569 0.124751 0.144418 0.296684 0.319518 0.348083 0.381094 0.417496 0.434773 0.386609 0.338977 0.292138 0.246544 0.532025 0.647678 0.288182 0.491513 0.265775 0.389855 0.457088 0.655809 0.549653 0.605334 0.459978 0.607273 0.274197 0.458319 0.298303 0.093020 0.658309
0.782504 0.769827 0.433816 0.410508 0.265358 0.490158 0.469654 0.665186 0.135487 0.284357 0.234554 0.184857 0.292658 0.244551 0.197387 0.308931 0.263808 0.220797 0.648960 0.603819 0.559505 0.629868 0.583251 0.537244 0.614263 0.566363 0.518860 0.207460 0.257421 0.307394 0.357375 0.215531 0.263969 0.312898 0.362120 0.200118 0.205238 0.221806 0.247535 0.150133 0.156892 0.178019 0.209204 0.100000 0.111803 0.050000 0.070711 0.000000 0.050000 0.050000 0.070711 0.585586 0.608803 0.540894 0.565948 0.497215 0.524360 0.454839 0.484365 0.467961 0.428064 0.390499 0.520912 0.490988 0.464532 0.481318 0.438941 0.398335 0.360101 0.141506 0.101575 0.074907 0.076841 0.363196 0.388563 0.418392 0.451798 0.488049 0.375446 0.326188 0.277196 0.228641 0.180875 0.584052 0.658162 0.349840 0.484640 0.278818 0.418959 0.485303 0.687488 0.592079 0.667043 0.416893 0.665331 0.344896 0.521372 0.367562 0.158166 0.725631
0.809965 0.745898 0.481587 0.363658 0.272295 0.532902 0.429308 0.667984 0.148616 0.324068 0.275029 0.226411 0.336667 0.289769 0.244104 0.355907 0.311915 0.270022 0.668111 0.621519 0.575499 0.652298 0.604488 0.557063 0.640011 0.591208 0.542623 0.157524 0.207460 0.257421 0.307394 0.168011 0.215531 0.263969 0.312898 0.207296 0.200118 0.205238 0.221806 0.159576 0.150133 0.156892 0.178019 0.111803 0.100000 0.070711 0.050000 0.050000 0.000000 0.070711 0.050000 0.565844 0.585586 0.519457 0.540894 0.473805 0.497215 0.429124 0.454839 0.479030 0.436102 0.394842 0.518075 0.484341 0.453620 0.508479 0.468565 0.430761 0.395672 0.172285 0.141336 0.123569 0.124751 0.343280 0.363196 0.388563 0.418392 0.451798 0.424877 0.375446 0.326188 0.277196 0.228641 0.582025 0.686966 0.302893 0.522005 0.304880 0.435567 0.502682 0.702683 0.598806 0.653925 0.466039 0.656786 0.312202 0.506537 0.327605 0.116280 0.703492
0.825421 0.813413 0.420956 0.396893 0.315313 0.518904 0.499582 0.715178 0.085813 0.319033 0.269078 0.219144 0.320992 0.271398 0.221987 0.330590 0.282685 0.235652 0.696014 0.651421 0.607670 0.675637 0.629602 0.584219 0.658434 0.611104 0.564235 0.211247 0.260483 0.309963 0.359587 0.207460 0.257421 0.307394 0.357375 0.250109 0.254224 0.267778 0.289449 0.200118 0.205238 0.221806 0.247535 0.150000 0.158114 0.100000 0.111803 0.050000 0.070711 0.000000 0.050000 0.631074 0.652676 0.585586 0.608803 0.540894 0.565948 0.497215 0.524360 0.517299 0.477822 0.440487 0.570662 0.540222 0.512859 0.525039 0.481318 0.438941 0.398335 0.186361 0.141506 0.101575 0.074907 0.408326 0.431046 0.458117 0.488816 0.522505 0.370747 0.320768 0.270797 0.220839 0.170907 0.633892 0.700438 0.368895 0.520366 0.324122 0.467182 0.533178 0.735743 0.641879 0.714938 0.429432 0.714319 0.382413 0.568640 0.398048 0.186775 0.770111
0.851499 0.790804 0.470036 0.348216 0.321173 0.559457 0.461857 0.717781 0.105328 0.354884 0.305005 0.255174 0.361569 0.312758 0.264392 0.374862 0.328035 0.282299 0.713905 0.667860 0.622427 0.696595 0.649325 0.602495 0.682517 0.634198 0.586161 0.162480 0.211247 0.260483 0.309963 0.157524 0.207460 0.257421 0.307394 0.255888 0.250109 0.254224 0.267778 0.207296 0.200118 0.205238 0.221806 0.158114 0.150000 0.111803 0.100000 0.070711 0.050000 0.050000 0.000000 0.612799 0.631074 0.565844 0.585586 0.519457 0.540894 0.473805 0.497215 0.527333 0.485036 0.444342 0.568073 0.534188 0.502996 0.550045 0.508479 0.468565 0.430761 0.210686 0.172285 0.141336 0.123569 0.390718 0.408326 0.431046 0.458117 0.488816 0.420730 0.370747 0.320768 0.270797 0.220839 0.632025 0.727571 0.324714 0.555332 0.346795 0.482131 0.549044 0.749961 0.648089 0.702714 0.477288 0.706367 0.353209 0.555070 0.361477 0.152937 0.749288
0.678512 0.192350 0.939024 0.677042 0.373339 0.714893 0.296129 0.297805 0.714196 0.581694 0.576237 0.575092 0.631161 0.626136 0.625082 0.680707 0.676050 0.675074 0.486085 0.446377 0.408933 0.516789 0.479630 0.444993 0.550330 0.515594 0.483540 0.539466 0.537604 0.540382 0.547729 0.589306 0.587602 0.590144 0.596879 0.416710 0.387932 0.363780 0.345224 0.457148 0.431078 0.409478 0.393086 0.497215 0.473805 0.540894 0.519457 0.585586 0.565844 0.631074 0.612799 0.000000 0.050000 0.050000 0.070711 0.100000 0.111803 0.150000 0.158114 0.338890 0.314042 0.295632 0.198108 0.168796 0.150789 0.508958 0.522383 0.540120 0.561761 0.519663 0.559631 0.601103 0.643787 0.222772 0.208486 0.205683 0.214813 0.234486 0.856956 0.821329 0.787267 0.754982 0.724711 0.210605 0.615124 0.423940 0.633981 0.471730 0.390172 0.404413 0.458371 0.313432 0.121160 0.798328 0.167517 0.280855 0.084011 0.323987 0.468430 0.142999
0.727557 0.161120 0.975052 0.668840 0.410296 0.761599 0.276863 0.343000 0.734191 0.622703 0.614740 0.610780 0.671783 0.664408 0.660745 0.720989 0.714122 0.710716 0.535475 0.496157 0.458923 0.566623 0.529622 0.494912 0.600325 0.565533 0.533166 0.545920 0.539466 0.537604 0.540382 0.595220 0.589306 0.587602 0.590144 0.449225 0.416710 0.387932 0.363780 0.486970 0.457148 0.431078 0.409478 0.524360 0.497215 0.565948 0.540894 0.608803 0.585586 0.652676 0.631074 0.050000 0.000000 0.070711 0.050000 0.111803 0.100000 0.158114 0.150000 0.388020 0.361663 0.340647 0.248053 0.217348 0.194807 0.557811 0.570087 0.586383 0.606375 0.552213 0.589980 0.629456 0.670337 0.246553 0.222772 0.208486 0.205683 0.214813 0.893961 0.856956 0.821329 0.787267 0.754982 0.259272 0.665097 0.417506 0.681745 0.512808 0.437786 0.453819 0.506418 0.362604 0.150273 0.840209 0.204929 0.287451 0.130536 0.320034 0.482869 0.118496
0.690320 0.230568 0.904394 0.628132 0.339919 0.698022 0.252696 0.323808 0.668011 0.553576 0.544603 0.540128 0.602418 0.594184 0.590085 0.651436 0.643829 0.640048 0.496711 0.454049 0.413036 0.523430 0.483133 0.444810 0.553386 0.515436 0.479700 0.489658 0.487606 0.490667 0.498747 0.539466 0.537604 0.540382 0.547729 0.378564 0.346633 0.319373 0.298066 0.416710 0.387932 0.363780 0.345224 0.454839 0.429124 0.497215 0.473805 0.540894 0.519457 0.585586 0.565844 0.050000 0.070711 0.000000 0.050000 0.050000 0.070711 0.100000 0.111803 0.332585 0.301419 0.275851 0.201763 0.162536 0.130873 0.500193 0.508958 0.522383 0.540120 0.481572 0.519663 0.559631 0.601103 0.177772 0.159505 0.155823 0.167690 0.192247 0.823422 0.786277 0.750626 0.716692 0.684730 0.228501 0.618845 0.374935 0.620478 0.443847 0.376991 0.399332 0.475330 0.326873 0.167405 0.771425 0.206893 0.230915 0.075741 0.274707 0.420061 0.184758
0.738581 0.205239 0.941748 0.619282 0.380140 0.745786 0.229819 0.365804 0.689348 0.596522 0.585191 0.577979 0.644853 0.634386 0.627739 0.693421 0.683698 0.677535 0.545140 0.503070 0.462583 0.572686 0.532797 0.494747 0.603127 0.565389 0.529686 0.496760 0.489658 0.487606 0.490667 0.545920 0.539466 0.537604 0.540382 0.414085 0.378564 0.346633 0.319373 0.449225 0.416710 0.387932 0.363780 0.484365 0.454839 0.524360 0.497215 0.565948 0.540894 0.608803 0.585586 0.070711 0.050000 0.050000 0.000000 0.070711 0.050000 0.111803 0.100000 0.382526 0.350758 0.323629 0.250982 0.212523 0.179834 0.549825 0.557811 0.570087 0.586383 0.516528 0.552213 0.589980 0.629456 0.206794 0.177772 0.159505 0.155823 0.167690 0.861868 0.823422 0.786277 0.750626 0.716692 0.274008 0.668541 0.367645 0.669206 0.487282 0.426080 0.449297 0.521817 0.374284 0.189544 0.814690 0.238199 0.238894 0.125374 0.270034 0.436104 0.166518
0.705482 0.272626 0.871259 0.579407 0.310980 0.684396 0.212176 0.354985 0.622416 0.528701 0.515884 0.507687 0.576586 0.564856 0.557380 0.624802 0.613993 0.607123 0.512021 0.466978 0.423050 0.534684 0.491721 0.450214 0.560900 0.520107 0.481055 0.439894 0.437609 0.441017 0.449990 0.489658 0.487606 0.490667 0.498747 0.343473 0.307925 0.276879 0.252005 0.378564 0.346633 0.319373 0.298066 0.414167 0.385750 0.454839 0.429124 0.497215 0.473805 0.540894 0.519457 0.100000 0.111803 0.050000 0.070711 0.000000 0.050000 0.050000 0.070711 0.333735 0.296790 0.264176 0.217187 0.171301 0.128523 0.496333 0.500193 0.508958 0.522383 0.445841 0.481572 0.519663 0.559631 0.136302 0.111432 0.106095 0.122862 0.154707 0.791627 0.752915 0.715603 0.679923 0.646145 0.255090 0.626548 0.326232 0.610780 0.420085 0.370148 0.400477 0.496762 0.347063 0.215336 0.746903 0.250095 0.181009 0.097034 0.225745 0.372123 0.229831
0.752772 0.251567 0.909974 0.569802 0.354499 0.733048 0.184336 0.393670 0.645262 0.573513 0.558563 0.547784 0.620789 0.607004 0.597100 0.668461 0.655679 0.646522 0.559125 0.514770 0.471545 0.582990 0.540597 0.499612 0.610028 0.569651 0.530913 0.447786 0.439894 0.437609 0.441017 0.496760 0.489658 0.487606 0.490667 0.382269 0.343473 0.307925 0.276879 0.414085 0.378564 0.346633 0.319373 0.446392 0.414167 0.484365 0.454839 0.524360 0.497215 0.565948 0.540894 0.111803 0.100000 0.070711 0.050000 0.050000 0.000000 0.070711 0.050000 0.383526 0.346788 0.313738 0.263541 0.219299 0.178131 0.546317 0.549825 0.557811 0.570087 0.483388 0.516528 0.552213 0.589980 0.172451 0.136302 0.111432 0.106095 0.122862 0.831544 0.791627 0.752915 0.715603 0.679923 0.296544 0.675677 0.317827 0.660225 0.465741 0.420038 0.450315 0.541413 0.392040 0.232963 0.791510 0.276553 0.191083 0.139275 0.220034 0.390143 0.215442
0.723787 0.316999 0.839795 0.530920 0.287875 0.674212 0.176584 0.390100 0.577551 0.507547 0.490591 0.478283 0.554071 0.538581 0.527394 0.601153 0.586907 0.576659 0.531610 0.484743 0.438570 0.550268 0.505136 0.461009 0.572696 0.529479 0.487560 0.390191 0.387612 0.391456 0.401538 0.439894 0.437609 0.441017 0.449990 0.312469 0.272912 0.237330 0.207773 0.343473 0.307925 0.276879 0.252005 0.375753 0.344179 0.414167 0.385750 0.454839 0.429124 0.497215 0.473805 0.150000 0.158114 0.100000 0.111803 0.050000 0.070711 0.000000 0.050000 0.342265 0.300524 0.261695 0.242140 0.193055 0.144599 0.497495 0.496333 0.500193 0.508958 0.413082 0.445841 0.481572 0.519663 0.102730 0.066276 0.056846 0.084086 0.126133 0.761789 0.721477 0.682450 0.644938 0.609223 0.287975 0.638087 0.277989 0.605073 0.401177 0.369996 0.407796 0.522118 0.372907 0.264035 0.725005 0.295449 0.131173 0.134516 0.177362 0.324808 0.276603
0.769954 0.299081 0.879896 0.520420 0.334414 0.723549 0.141927 0.425604 0.602102 0.554072 0.535290 0.520649 0.599935 0.582633 0.569211 0.646412 0.630387 0.618003 0.577117 0.530939 0.485518 0.597315 0.552827 0.509361 0.620892 0.578220 0.536815 0.399067 0.390191 0.387612 0.391456 0.447786 0.439894 0.437609 0.441017 0.354673 0.312469 0.272912 0.237330 0.382269 0.343473 0.307925 0.276879 0.411001 0.375753 0.446392 0.414167 0.484365 0.454839 0.524360 0.497215 0.158114 0.150000 0.111803 0.100000 0.070711 0.050000 0.050000 0.000000 0.390972 0.349990 0.311651 0.284456 0.236682 0.190056 0.547372 0.546317 0.549825 0.557811 0.453350 0.483388 0.516528 0.552213 0.147359 0.102730 0.066276 0.056846 0.084086 0.803190 0.761789 0.721477 0.682450 0.644938 0.325264 0.686390 0.268076 0.654948 0.448761 0.419905 0.456836 0.564767 0.415093 0.278598 0.770880 0.318157 0.144758 0.167560 0.170034 0.345306 0.264768
0.390059 0.510077 0.682492 0.757515 0.207333 0.385967 0.506955 0.214854 0.599843 0.308821 0.328293 0.353810 0.356540 0.373532 0.396147 0.404810 0.419853 0.440094 0.208023 0.158024 0.108024 0.214055 0.165883 0.119226 0.231009 0.187251 0.147515 0.550948 0.578577 0.609065 0.642003 0.594196 0.619900 0.648447 0.679479 0.271751 0.289666 0.314585 0.344994 0.320081 0.335424 0.357165 0.384219 0.369820 0.383731 0.418781 0.431114 0.467961 0.479030 0.517299 0.527333 0.338890 0.388020 0.332585 0.382526 0.333735 0.383526 0.342265 0.390972 0.000000 0.050000 0.100000 0.145874 0.171021 0.205469 0.170379 0.190109 0.219667 0.255667 0.339139 0.389126 0.439116 0.489108 0.281604 0.326118 0.372028 0.418876 0.466379 0.596807 0.574108 0.554996 0.539854 0.529021 0.176417 0.296096 0.539487 0.299588 0.218140 0.069511 0.066901 0.227148 0.130760 0.329008 0.502689 0.288867 0.384248 0.258958 0.458508 0.445414 0.457743
0.438838 0.494007 0.670567 0.707901 0.163863 0.401396 0.461068 0.241476 0.561597 0.296589 0.308821 0.328293 0.345999 0.356540 0.373532 0.395557 0.404810 0.419853 0.258023 0.208023 0.158024 0.262910 0.214055 0.165883 0.276889 0.231009 0.187251 0.502487 0.529307 0.559319 0.592039 0.546335 0.571099 0.599021 0.629682 0.229232 0.243041 0.265690 0.295149 0.278594 0.290063 0.309287 0.334934 0.328769 0.339169 0.378370 0.387441 0.428064 0.436102 0.477822 0.485036 0.314042 0.361663 0.301419 0.350758 0.296790 0.346788 0.300524 0.349990 0.050000 0.000000 0.050000 0.135315 0.145874 0.171021 0.199664 0.208428 0.228077 0.256116 0.304892 0.354722 0.404594 0.454494 0.233854 0.279651 0.326682 0.374484 0.422794 0.585140 0.558815 0.535873 0.516764 0.501927 0.181907 0.341173 0.489670 0.320083 0.195887 0.076143 0.108678 0.275338 0.164106 0.321730 0.501596 0.289762 0.335359 0.231136 0.409644 0.397440 0.441494
0.487864 0.482604 0.662211 0.658346 0.125361 0.422217 0.416129 0.274698 0.525330 0.292505 0.296589 0.308821 0.342505 0.345999 0.356540 0.392504 0.395557 0.404810 0.308023 0.258023 0.208023 0.312128 0.262910 0.214055 0.323990 0.276889 0.231009 0.454359 0.480186 0.509623 0.542082 0.498894 0.522525 0.549699 0.579919 0.190383 0.198070 0.217298 0.245366 0.240370 0.246503 0.262203 0.285896 0.290536 0.296348 0.340515 0.345487 0.390499 0.394842 0.440487 0.444342 0.295632 0.340647 0.275851 0.323629 0.264176 0.313738 0.261695 0.311651 0.100000 0.050000 0.000000 0.142622 0.135315 0.145874 0.236013 0.236100 0.246545 0.266131 0.275505 0.324401 0.373589 0.422968 0.187283 0.234641 0.282909 0.331691 0.380788 0.577579 0.547675 0.520863 0.497642 0.478537 0.200142 0.387460 0.439894 0.346631 0.184820 0.108460 0.155390 0.324077 0.204361 0.322141 0.505471 0.299132 0.286853 0.211632 0.361091 0.350034 0.430470
0.489381 0.364214 0.802662 0.733093 0.261648 0.530924 0.418376 0.161471 0.656389 0.430032 0.438023 0.451443 0.479792 0.486968 0.499073 0.529598 0.536107 0.547127 0.295687 0.252308 0.211867 0.321714 0.282362 0.246895 0.352943 0.317486 0.286402 0.548888 0.564851 0.584666 0.607958 0.597075 0.611781 0.630123 0.651792 0.323360 0.318103 0.320651 0.330825 0.372639 0.368087 0.370291 0.379135 0.421590 0.418080 0.471215 0.468077 0.520912 0.518075 0.570662 0.568073 0.198108 0.248053 0.201763 0.250982 0.217187 0.263541 0.242140 0.284456 0.145874 0.135315 0.142622 0.000000 0.050000 0.100000 0.315620 0.335296 0.360875 0.391201 0.415572 0.463465 0.511760 0.560355 0.224372 0.252913 0.287381 0.325899 0.367196 0.717583 0.689143 0.663256 0.640234 0.620396 0.064233 0.418106 0.491561 0.445395 0.325306 0.206809 0.208685 0.280356 0.130825 0.186558 0.636908 0.156878 0.327658 0.126126 0.396902 0.452517 0.311869
0.534224 0.349264 0.795990 0.685704 0.240401 0.547264 0.368900 0.209023 0.626015 0.427774 0.430032 0.438023 0.477770 0.479792 0.486968 0.527767 0.529598 0.536107 0.340884 0.295687 0.252308 0.363691 0.321714 0.282362 0.391587 0.352943 0.317486 0.505665 0.519557 0.537757 0.559843 0.554419 0.567119 0.583837 0.604242 0.297874 0.286044 0.282690 0.288107 0.345676 0.335536 0.332681 0.337296 0.393102 0.384768 0.441927 0.434530 0.490988 0.484341 0.540222 0.534188 0.168796 0.217348 0.162536 0.212523 0.171301 0.219299 0.193055 0.236682 0.171021 0.145874 0.135315 0.050000 0.000000 0.050000 0.340473 0.353827 0.373451 0.398418 0.395112 0.441222 0.488099 0.535541 0.176632 0.203189 0.237430 0.276514 0.318665 0.711762 0.680485 0.651549 0.625278 0.602020 0.107527 0.457174 0.442529 0.465345 0.319500 0.221822 0.237389 0.329065 0.180047 0.188514 0.640331 0.174922 0.278653 0.087985 0.347245 0.412075 0.296849
0.579912 0.341055 0.792422 0.638713 0.228311 0.567552 0.319588 0.257503 0.598284 0.431340 0.427774 0.430032 0.480965 0.477770 0.479792 0.530661 0.527767 0.529598 0.387264 0.340884 0.295687 0.407483 0.363691 0.321714 0.432564 0.391587 0.352943 0.463805 0.475208 0.491456 0.512090 0.513092 0.523422 0.538217 0.557122 0.279100 0.259718 0.249018 0.248126 0.324228 0.307702 0.298726 0.297983 0.369216 0.355390 0.416599 0.404396 0.464532 0.453620 0.512859 0.502996 0.150789 0.194807 0.130873 0.179834 0.128523 0.178131 0.144599 0.190056 0.205469 0.171021 0.145874 0.100000 0.050000 0.000000 0.370442 0.378105 0.392046 0.411626 0.380166 0.423738 0.468596 0.514403 0.130595 0.153645 0.187505 0.227398 0.270668 0.709425 0.675428 0.643525 0.614039 0.587337 0.154913 0.498200 0.393740 0.489607 0.321459 0.246252 0.272320 0.378110 0.229605 0.203153 0.647607 0.203923 0.230078 0.067639 0.297702 0.373952 0.289787
0.301537 0.679254 0.575134 0.837402 0.275831 0.225504 0.649087 0.340816 0.596666 0.232355 0.273369 0.316975 0.266233 0.302691 0.342585 0.304583 0.336917 0.373170 0.193605 0.165883 0.150172 0.158650 0.123304 0.101184 0.133628 0.088829 0.054082 0.619167 0.656489 0.695405 0.735661 0.654432 0.689848 0.726980 0.765578 0.321855 0.360625 0.401882 0.444937 0.357186 0.392481 0.430697 0.471126 0.398335 0.430761 0.438941 0.468565 0.481318 0.508479 0.525039 0.550045 0.508958 0.557811 0.500193 0.549825 0.496333 0.546317 0.497495 0.547372 0.170379 0.199664 0.236013 0.315620 0.340473 0.370442 0.000000 0.050000 0.100000 0.150000 0.339812 0.383750 0.429017 0.475234 0.419701 0.468618 0.517742 0.567019 0.616413 0.491675 0.481214 0.475804 0.475618 0.480661 0.336816 0.179246 0.650214 0.134397 0.203605 0.127556 0.108177 0.253434 0.257054 0.494692 0.372446 0.448800 0.511724 0.427999 0.584339 0.513595 0.627104
0.344142 0.699211 0.527531 0.805450 0.252175 0.195860 0.639393 0.379031 0.550926 0.182793 0.224989 0.269864 0.216261 0.252934 0.293568 0.255195 0.286934 0.323323 0.243459 0.213942 0.193054 0.208383 0.172980 0.146359 0.180484 0.138106 0.102820 0.586051 0.625352 0.666090 0.708015 0.619167 0.656489 0.695405 0.735661 0.290861 0.333255 0.377516 0.423058 0.321855 0.360625 0.401882 0.444937 0.360101 0.395672 0.398335 0.430761 0.438941 0.468565 0.481318 0.508479 0.522383 0.570087 0.508958 0.557811 0.500193 0.549825 0.496333 0.546317 0.190109 0.208428 0.236100 0.335296 0.353827 0.378105 0.050000 0.000000 0.050000 0.100000 0.297793 0.339812 0.383750 0.429017 0.411667 0.461437 0.511251 0.561099 0.610971 0.443553 0.431928 0.425893 0.425685 0.431312 0.364211 0.219243 0.628470 0.111663 0.165143 0.132303 0.137709 0.302339 0.293308 0.519048 0.328375 0.476980 0.497644 0.439554 0.568590 0.481820 0.646755
0.388513 0.722083 0.480414 0.775409 0.236857 0.175699 0.633508 0.419730 0.505993 0.133559 0.177508 0.224010 0.166307 0.203296 0.244950 0.206103 0.236959 0.273534 0.293363 0.262726 0.238721 0.258219 0.222801 0.193916 0.228676 0.187766 0.152378 0.555467 0.596786 0.639346 0.682915 0.586051 0.625352 0.666090 0.708015 0.265723 0.311558 0.358507 0.406186 0.290861 0.333255 0.377516 0.423058 0.325076 0.364086 0.360101 0.395672 0.398335 0.430761 0.438941 0.468565 0.540120 0.586383 0.522383 0.570087 0.508958 0.557811 0.500193 0.549825 0.219667 0.228077 0.246545 0.360875 0.373451 0.392046 0.100000 0.050000 0.000000 0.050000 0.258629 0.297793 0.339812 0.383750 0.409623 0.459614 0.509607 0.559601 0.609596 0.395896 0.382827 0.376005 0.375769 0.382133 0.396047 0.262690 0.610059 0.108971 0.134497 0.154069 0.176707 0.351552 0.333140 0.546902 0.286259 0.508526 0.488301 0.456325 0.556900 0.453344 0.669570
0.434110 0.747605 0.433943 0.747508 0.231539 0.168461 0.631539 0.462258 0.462101 0.085221 0.131902 0.180372 0.116393 0.153892 0.197024 0.157581 0.186996 0.223837 0.343294 0.311895 0.285843 0.308109 0.272688 0.242459 0.277508 0.237568 0.202154 0.527856 0.571175 0.615509 0.660652 0.555467 0.596786 0.639346 0.682915 0.248230 0.296778 0.345740 0.394963 0.265723 0.311558 0.358507 0.406186 0.294408 0.336987 0.325076 0.364086 0.360101 0.395672 0.398335 0.430761 0.561761 0.606375 0.540120 0.586383 0.522383 0.570087 0.508958 0.557811 0.255667 0.256116 0.266131 0.391201 0.398418 0.411626 0.150000 0.100000 0.050000 0.000000 0.223824 0.258629 0.297793 0.339812 0.413657 0.463213 0.512855 0.562560 0.612314 0.348897 0.333994 0.326151 0.325879 0.333197 0.431344 0.308131 0.595289 0.127596 0.117926 0.187005 0.220197 0.400960 0.375413 0.577748 0.247099 0.542851 0.483969 0.477763 0.549527 0.428825 0.695239
0.641050 0.711196 0.426770 0.526295 0.154809 0.369512 0.481033 0.546235 0.263741 0.157786 0.112898 0.074803 0.182361 0.145276 0.118130 0.215904 0.185645 0.165269 0.510137 0.466242 0.423702 0.489279 0.443324 0.398343 0.472810 0.425077 0.377931 0.308168 0.354050 0.400919 0.448464 0.332548 0.375463 0.419948 0.465554 0.103052 0.140902 0.184627 0.230913 0.072930 0.120634 0.169666 0.219135 0.074907 0.123569 0.101575 0.141336 0.141506 0.172285 0.186361 0.210686 0.519663 0.552213 0.481572 0.516528 0.445841 0.483388 0.413082 0.453350 0.339139 0.304892 0.275505 0.415572 0.395112 0.380166 0.339812 0.297793 0.258629 0.223824 0.000000 0.050000 0.100000 0.150000 0.311058 0.350693 0.392701 0.436398 0.481323 0.350127 0.308523 0.269785 0.235332 0.207313 0.475411 0.516908 0.403154 0.350828 0.137778 0.283894 0.348721 0.551762 0.467734 0.581271 0.339816 0.568811 0.335860 0.444505 0.384180 0.216999 0.662662
0.683920 0.750067 0.398664 0.503773 0.201908 0.391586 0.498190 0.595964 0.215314 0.183338 0.133891 0.085093 0.196052 0.150832 0.109838 0.219681 0.180483 0.147946 0.557961 0.514711 0.472793 0.535668 0.490455 0.446264 0.517261 0.470282 0.423994 0.290425 0.338720 0.387447 0.436462 0.308168 0.354050 0.400919 0.448464 0.144639 0.173650 0.210685 0.252234 0.103052 0.140902 0.184627 0.230913 0.076841 0.124751 0.074907 0.123569 0.101575 0.141336 0.141506 0.172285 0.559631 0.589980 0.519663 0.552213 0.481572 0.516528 0.445841 0.483388 0.389126 0.354722 0.324401 0.463465 0.441222 0.423738 0.383750 0.339812 0.297793 0.258629 0.050000 0.000000 0.050000 0.100000 0.345500 0.381574 0.420508 0.461580 0.504266 0.326919 0.281910 0.238895 0.199168 0.165122 0.523938 0.558949 0.404997 0.383117 0.184639 0.333348 0.397693 0.600760 0.517706 0.625986 0.337462 0.615570 0.357606 0.486725 0.398407 0.211543 0.702456
0.727700 0.790191 0.375145 0.485374 0.250135 0.418498 0.519610 0.645735 0.167812 0.217553 0.167654 0.117840 0.220493 0.171452 0.123184 0.234319 0.188901 0.146500 0.606137 0.563447 0.522056 0.582654 0.538104 0.494597 0.562644 0.516371 0.470861 0.280582 0.330319 0.380125 0.429975 0.290425 0.338720 0.387447 0.436462 0.190319 0.213202 0.244313 0.280932 0.144639 0.173650 0.210685 0.252234 0.105821 0.144418 0.076841 0.124751 0.074907 0.123569 0.101575 0.141336 0.601103 0.629456 0.559631 0.589980 0.519663 0.552213 0.481572 0.516528 0.439116 0.404594 0.373589 0.511760 0.488099 0.468596 0.429017 0.383750 0.339812 0.297793 0.100000 0.050000 0.000000 0.050000 0.383384 0.416187 0.452151 0.490580 0.530940 0.310101 0.262221 0.215308 0.170161 0.128655 0.572719 0.602207 0.412930 0.418899 0.232810 0.382944 0.446892 0.649911 0.567683 0.671447 0.342471 0.662802 0.384658 0.530300 0.418166 0.217744 0.743485
0.772236 0.831386 0.357120 0.471581 0.298945 0.449379 0.544789 0.695539 0.122318 0.256994 0.208059 0.159786 0.252583 0.202586 0.152591 0.257974 0.209269 0.161358 0.654586 0.612387 0.571448 0.630104 0.586145 0.543232 0.608752 0.563128 0.518313 0.279474 0.329378 0.379308 0.429253 0.280582 0.330319 0.380125 0.429975 0.237744 0.256429 0.282824 0.314997 0.190319 0.213202 0.244313 0.280932 0.146600 0.176494 0.105821 0.144418 0.076841 0.124751 0.074907 0.123569 0.643787 0.670337 0.601103 0.629456 0.559631 0.589980 0.519663 0.552213 0.489108 0.454494 0.422968 0.560355 0.535541 0.514403 0.475234 0.429017 0.383750 0.339812 0.150000 0.100000 0.050000 0.000000 0.423788 0.453679 0.486881 0.522763 0.560812 0.300748 0.251091 0.201604 0.152451 0.104109 0.621694 0.646440 0.426614 0.457355 0.281619 0.432633 0.496252 0.699183 0.617664 0.717512 0.354531 0.710413 0.415982 0.574921 0.442715 0.234680 0.785553
0.671541 0.407633 0.737537 0.509075 0.187250 0.580917 0.229480 0.385443 0.491487 0.406782 0.388285 0.375577 0.452583 0.436033 0.424756 0.499191 0.484236 0.474107 0.485227 0.435925 0.386802 0.495581 0.447421 0.399713 0.510643 0.464048 0.418241 0.334922 0.344715 0.361226 0.383588 0.384586 0.393143 0.407698 0.427636 0.209859 0.171890 0.141603 0.124726 0.242597 0.210614 0.186718 0.174266 0.277979 0.251401 0.319518 0.296684 0.363196 0.343280 0.408326 0.390718 0.222772 0.246553 0.177772 0.206794 0.136302 0.172451 0.102730 0.147359 0.281604 0.233854 0.187283 0.224372 0.176632 0.130595 0.419701 0.411667 0.409623 0.413657 0.311058 0.345500 0.383384 0.423788 0.000000 0.050000 0.100000 0.150000 0.200000 0.659181 0.619184 0.580739 0.544175 0.509897 0.284072 0.574547 0.268502 0.516945 0.302284 0.293482 0.342099 0.488368 0.345952 0.315384 0.623534 0.328845 0.105685 0.167452 0.178782 0.250833 0.362529
0.715030 0.382707 0.777342 0.489344 0.235293 0.630686 0.181552 0.410934 0.511722 0.454096 0.433544 0.417992 0.499097 0.480474 0.466490 0.544971 0.527968 0.515275 0.526536 0.477796 0.429347 0.539380 0.491914 0.445005 0.556436 0.510559 0.465532 0.332441 0.334922 0.344715 0.361226 0.382427 0.384586 0.393143 0.407698 0.252063 0.209859 0.171890 0.141603 0.279907 0.242597 0.210614 0.186718 0.310391 0.277979 0.348083 0.319518 0.388563 0.363196 0.431046 0.408326 0.208486 0.222772 0.159505 0.177772 0.111432 0.136302 0.066276 0.102730 0.326118 0.279651 0.234641 0.252913 0.203189 0.153645 0.468618 0.461437 0.459614 0.463213 0.350693 0.381574 0.416187 0.453679 0.050000 0.000000 0.050000 0.100000 0.150000 0.700465 0.659181 0.619184 0.580739 0.544175 0.308064 0.620822 0.240872 0.566935 0.350938 0.341896 0.388294 0.525544 0.379822 0.314179 0.669893 0.336767 0.079100 0.171350 0.144071 0.260753 0.341114
0.759321 0.362995 0.818267 0.474086 0.284013 0.680489 0.135135 0.440644 0.535873 0.501930 0.479746 0.461928 0.546228 0.525915 0.509714 0.591435 0.572728 0.557888 0.569240 0.521102 0.473351 0.584175 0.537377 0.491210 0.602898 0.557674 0.513336 0.337434 0.332441 0.334922 0.344715 0.386775 0.382427 0.384586 0.393143 0.296699 0.252063 0.209859 0.171890 0.320691 0.279907 0.242597 0.210614 0.347006 0.310391 0.381094 0.348083 0.418392 0.388563 0.458117 0.431046 0.205683 0.208486 0.155823 0.159505 0.106095 0.111432 0.056846 0.066276 0.372028 0.326682 0.282909 0.287381 0.237430 0.187505 0.517742 0.511251 0.509607 0.512855 0.392701 0.420508 0.452151 0.486881 0.100000 0.050000 0.000000 0.050000 0.100000 0.742821 0.700465 0.659181 0.619184 0.580739 0.337802 0.667635 0.221236 0.616927 0.399925 0.390710 0.435331 0.564704 0.416948 0.320858 0.716742 0.351689 0.079651 0.188896 0.120623 0.279405 0.326022
0.804281 0.349378 0.860152 0.463744 0.333112 0.730318 0.092529 0.473779 0.563436 0.550150 0.526641 0.506989 0.593828 0.572117 0.554079 0.638434 0.618291 0.601639 0.613048 0.565514 0.518444 0.629754 0.583582 0.538095 0.649886 0.605252 0.561523 0.349580 0.337434 0.332441 0.334922 0.397416 0.386775 0.382427 0.384586 0.342820 0.296699 0.252063 0.209859 0.363782 0.320691 0.279907 0.242597 0.386631 0.347006 0.417496 0.381094 0.451798 0.418392 0.488816 0.458117 0.214813 0.205683 0.167690 0.155823 0.122862 0.106095 0.084086 0.056846 0.418876 0.374484 0.331691 0.325899 0.276514 0.227398 0.567019 0.561099 0.559601 0.562560 0.436398 0.461580 0.490580 0.522763 0.150000 0.100000 0.050000 0.000000 0.050000 0.786075 0.742821 0.700465 0.659181 0.619184 0.371909 0.714879 0.211828 0.666920 0.449135 0.439791 0.482964 0.605462 0.456538 0.334949 0.763991 0.372771 0.106919 0.216801 0.115513 0.305192 0.318154
0.849805 0.342587 0.902863 0.458648 0.382444 0.780170 0.062144 0.509674 0.593936 0.598662 0.574062 0.552899 0.641793 0.618909 0.599332 0.685857 0.664492 0.646298 0.657740 0.610790 0.564365 0.675958 0.630366 0.585495 0.697292 0.653191 0.610002 0.368172 0.349580 0.337434 0.332441 0.413865 0.397416 0.386775 0.382427 0.389898 0.342820 0.296699 0.252063 0.408451 0.363782 0.320691 0.279907 0.428431 0.386631 0.456479 0.417496 0.488049 0.451798 0.522505 0.488816 0.234486 0.214813 0.192247 0.167690 0.154707 0.122862 0.126133 0.084086 0.466379 0.422794 0.380788 0.367196 0.318665 0.270668 0.616413 0.610971 0.609596 0.612314 0.481323 0.504266 0.530940 0.560812 0.200000 0.150000 0.100000 0.050000 0.000000 0.830087 0.786075 0.742821 0.700465 0.659181 0.409295 0.762475 0.214002 0.716914 0.498502 0.489058 0.531032 0.647517 0.498005 0.355573 0.811570 0.399037 0.146694 0.251641 0.130907 0.336477 0.318047
0.726339 1.049221 0.085685 0.761996 0.483842 0.327803 0.825076 0.808836 0.366046 0.288787 0.281980 0.283951 0.240279 0.232054 0.234444 0.192535 0.182167 0.185203 0.683157 0.657351 0.634443 0.641743 0.614200 0.589618 0.601636 0.572165 0.545693 0.580108 0.629930 0.679778 0.729647 0.577869 0.627869 0.677869 0.727869 0.449328 0.490951 0.534012 0.578191 0.422353 0.466389 0.511522 0.557487 0.403700 0.450038 0.386609 0.434773 0.375446 0.424877 0.370747 0.420730 0.856956 0.893961 0.823422 0.861868 0.791627 0.831544 0.761789 0.803190 0.596807 0.585140 0.577579 0.717583 0.711762 0.709425 0.491675 0.443553 0.395896 0.348897 0.350127 0.326919 0.310101 0.300748 0.659181 0.700465 0.742821 0.786075 0.830087 0.000000 0.050000 0.100000 0.150000 0.200000 0.766845 0.609490 0.722821 0.394592 0.392796 0.527411 0.568607 0.745026 0.722142 0.899665 0.146296 0.874120 0.683707 0.776689 0.724925 0.527793 0.998732
0.730915 1.013673 0.118368 0.712255 0.448076 0.337822 0.779372 0.787962 0.317268 0.265514 0.251152 0.246286 0.219930 0.202358 0.196286 0.176750 0.154338 0.146287 0.674438 0.645552 0.619362 0.635243 0.604487 0.576434 0.597662 0.564864 0.534737 0.530319 0.580108 0.629930 0.679778 0.527869 0.577869 0.627869 0.677869 0.409585 0.449328 0.490951 0.534012 0.379797 0.422353 0.466389 0.511522 0.358347 0.403700 0.338977 0.386609 0.326188 0.375446 0.320768 0.370747 0.821329 0.856956 0.786277 0.823422 0.752915 0.791627 0.721477 0.761789 0.574108 0.558815 0.547675 0.689143 0.680485 0.675428 0.481214 0.431928 0.382827 0.333994 0.308523 0.281910 0.262221 0.251091 0.619184 0.659181 0.700465 0.742821 0.786075 0.050000 0.000000 0.050000 0.100000 0.150000 0.740693 0.610870 0.674363 0.395291 0.363922 0.505264 0.550838 0.734252 0.701740 0.868911 0.166535 0.846007 0.639462 0.742250 0.678733 0.479592 0.963725
0.738854 0.979389 0.160249 0.662553 0.415260 0.354673 0.734227 0.769775 0.268939 0.250195 0.227248 0.213742 0.209772 0.181792 0.164598 0.174389 0.139483 0.116188 0.669350 0.637468 0.608031 0.632638 0.598805 0.567366 0.597858 0.561934 0.528305 0.480574 0.530319 0.580108 0.629930 0.477869 0.527869 0.577869 0.627869 0.372321 0.409585 0.449328 0.490951 0.339277 0.379797 0.422353 0.466389 0.314407 0.358347 0.292138 0.338977 0.277196 0.326188 0.270797 0.320768 0.787267 0.821329 0.750626 0.786277 0.715603 0.752915 0.682450 0.721477 0.554996 0.535873 0.520863 0.663256 0.651549 0.643525 0.475804 0.425893 0.376005 0.326151 0.269785 0.238895 0.215308 0.201604 0.580739 0.619184 0.659181 0.700465 0.742821 0.100000 0.050000 0.000000 0.050000 0.100000 0.717078 0.616317 0.626147 0.402252 0.339986 0.487260 0.537152 0.726766 0.684390 0.840010 0.197650 0.819981 0.596127 0.709665 0.633120 0.431801 0.930090
0.750050 0.946505 0.205788 0.612899 0.386147 0.377441 0.689752 0.754469 0.221353 0.244330 0.212616 0.188982 0.211281 0.173633 0.143725 0.185963 0.141742 0.102954 0.667976 0.633240 0.600660 0.633979 0.597269 0.562611 0.602219 0.563443 0.526563 0.430888 0.480574 0.530319 0.580108 0.427869 0.477869 0.527869 0.577869 0.338359 0.372321 0.409585 0.449328 0.301617 0.339277 0.379797 0.422353 0.272563 0.314407 0.246544 0.292138 0.228641 0.277196 0.220839 0.270797 0.754982 0.787267 0.716692 0.750626 0.679923 0.715603 0.644938 0.682450 0.539854 0.516764 0.497642 0.640234 0.625278 0.614039 0.475618 0.425685 0.375769 0.325879 0.235332 0.199168 0.170161 0.152451 0.544175 0.580739 0.619184 0.659181 0.700465 0.150000 0.100000 0.050000 0.000000 0.050000 0.696259 0.625724 0.578234 0.415161 0.322089 0.473870 0.527865 0.722669 0.670328 0.813159 0.235365 0.796248 0.553917 0.679201 0.588221 0.384572 0.897979
0.764358 0.915172 0.253017 0.563306 0.361634 0.405130 0.646086 0.742221 0.175117 0.248590 0.209213 0.175337 0.224221 0.179577 0.138640 0.209172 0.160394 0.112691 0.670339 0.632945 0.597398 0.639240 0.599911 0.562280 0.610657 0.569356 0.529558 0.381284 0.430888 0.480574 0.530319 0.377869 0.427869 0.477869 0.527869 0.308789 0.338359 0.372321 0.409585 0.268023 0.301617 0.339277 0.379797 0.233944 0.272563 0.203034 0.246544 0.180875 0.228641 0.170907 0.220839 0.724711 0.754982 0.684730 0.716692 0.646145 0.679923 0.609223 0.644938 0.529021 0.501927 0.478537 0.620396 0.602020 0.587337 0.480661 0.431312 0.382133 0.333197 0.207313 0.165122 0.128655 0.104109 0.509897 0.544175 0.580739 0.619184 0.659181 0.200000 0.150000 0.100000 0.050000 0.000000 0.678492 0.638918 0.530706 0.433487 0.311275 0.465492 0.523213 0.722020 0.659765 0.788566 0.276999 0.775018 0.513109 0.651156 0.544211 0.338141 0.867564
0.468360 0.349085 0.852339 0.793083 0.322755 0.559394 0.464135 0.103008 0.719536 0.478117 0.490376 0.507288 0.527238 0.538379 0.553828 0.576510 0.586717 0.600923 0.277085 0.240709 0.210012 0.311377 0.279500 0.253544 0.349478 0.321402 0.299106 0.612075 0.626895 0.645259 0.666874 0.660494 0.674251 0.691358 0.711574 0.385594 0.381962 0.384846 0.394104 0.435176 0.431960 0.434513 0.442734 0.484471 0.482025 0.534242 0.532025 0.584052 0.582025 0.633892 0.632025 0.210605 0.259272 0.228501 0.274008 0.255090 0.296544 0.287975 0.325264 0.176417 0.181907 0.200142 0.064233 0.107527 0.154913 0.336816 0.364211 0.396047 0.431344 0.475411 0.523938 0.572719 0.621694 0.284072 0.308064 0.337802 0.371909 0.409295 0.766845 0.740693 0.717078 0.696259 0.678492 0.000000 0.412388 0.548586 0.470434 0.377306 0.244339 0.228957 0.248046 0.104020 0.159393 0.678429 0.112784 0.384990 0.158209 0.451854 0.516475 0.298493
0.125986 0.759026 0.686107 1.015377 0.451034 0.288630 0.802219 0.368777 0.768679 0.393188 0.439579 0.486684 0.415456 0.459604 0.504844 0.442278 0.483985 0.527137 0.147332 0.172136 0.206289 0.102510 0.135766 0.177078 0.065650 0.110608 0.158613 0.797812 0.834251 0.872036 0.910998 0.833579 0.868519 0.904874 0.942480 0.500320 0.537253 0.576162 0.616671 0.536423 0.571026 0.607776 0.646307 0.577325 0.609959 0.617042 0.647678 0.658162 0.686966 0.700438 0.727571 0.615124 0.665097 0.618845 0.668541 0.626548 0.675677 0.638087 0.686390 0.296096 0.341173 0.387460 0.418106 0.457174 0.498200 0.179246 0.219243 0.262690 0.308131 0.516908 0.558949 0.602207 0.646440 0.574547 0.620822 0.667635 0.714879 0.762475 0.609490 0.610870 0.616317 0.625724 0.638918 0.412388 0.000000 0.820261 0.215622 0.382246 0.286208 0.232545 0.209023 0.309953 0.567534 0.470546 0.510618 0.673535 0.543178 0.747513 0.691872 0.709691
0.926876 0.555975 0.783648 0.253207 0.376306 0.759343 0.163129 0.651232 0.423212 0.552797 0.514024 0.477344 0.584574 0.548054 0.513809 0.618764 0.584385 0.552396 0.747038 0.697133 0.647242 0.751667 0.702091 0.652579 0.759567 0.710542 0.661663 0.173452 0.142010 0.123484 0.123813 0.211411 0.186483 0.172793 0.173028 0.347063 0.298972 0.251625 0.205538 0.337847 0.288222 0.238753 0.189562 0.331660 0.281698 0.337184 0.288182 0.349840 0.302893 0.368895 0.324714 0.423940 0.417506 0.374935 0.367645 0.326232 0.317827 0.277989 0.268076 0.539487 0.489670 0.439894 0.491561 0.442529 0.393740 0.650214 0.628470 0.610059 0.595289 0.403154 0.404997 0.412930 0.426614 0.268502 0.240872 0.221236 0.211828 0.214002 0.722821 0.674363 0.626147 0.578234 0.530706 0.548586 0.820261 0.000000 0.717796 0.478364 0.534168 0.592941 0.755187 0.614400 0.541563 0.741010 0.572592 0.163907 0.408405 0.100628 0.195277 0.528451
0.336634 0.809599 0.472943 0.875101 0.345778 0.092188 0.742042 0.473694 0.578566 0.201346 0.251288 0.301250 0.210051 0.258316 0.307136 0.229571 0.274424 0.320802 0.300554 0.286759 0.281297 0.254381 0.237923 0.231311 0.209968 0.189694 0.181333 0.655417 0.698506 0.742461 0.787139 0.682927 0.724381 0.766855 0.810189 0.371855 0.418885 0.466533 0.514627 0.392649 0.437449 0.483270 0.529847 0.421981 0.464414 0.451633 0.491513 0.484640 0.522005 0.520366 0.555332 0.633981 0.681745 0.620478 0.669206 0.610780 0.660225 0.605073 0.654948 0.299588 0.320083 0.346631 0.445395 0.465345 0.489607 0.134397 0.111663 0.108971 0.127596 0.350828 0.383117 0.418899 0.457355 0.516945 0.566935 0.616927 0.666920 0.716914 0.394592 0.395291 0.402252 0.415161 0.433487 0.470434 0.215622 0.717796 0.000000 0.239911 0.243965 0.241487 0.366884 0.391010 0.627358 0.259441 0.582751 0.597208 0.551214 0.665858 0.555831 0.757216
0.505123 0.662466 0.477576 0.641709 0.116060 0.285682 0.515098 0.432441 0.399918 0.109975 0.113079 0.135939 0.159507 0.161663 0.178402 0.209262 0.210909 0.223998 0.373394 0.330768 0.290503 0.351520 0.305860 0.261792 0.335722 0.287566 0.240163 0.421911 0.462544 0.504861 0.548473 0.454135 0.492114 0.532085 0.573630 0.131946 0.179436 0.228001 0.277078 0.157219 0.198759 0.243501 0.289966 0.195215 0.230913 0.235424 0.265775 0.278818 0.304880 0.324122 0.346795 0.471730 0.512808 0.443847 0.487282 0.420085 0.465741 0.401177 0.448761 0.218140 0.195887 0.184820 0.325306 0.319500 0.321459 0.203605 0.165143 0.134497 0.117926 0.137778 0.184639 0.232810 0.281619 0.302284 0.350938 0.399925 0.449135 0.498502 0.392796 0.363922 0.339986 0.322089 0.311275 0.377306 0.382246 0.478364 0.239911 0.000000 0.154500 0.215337 0.417832 0.348867 0.506958 0.327588 0.482133 0.366947 0.389089 0.431721 0.319010 0.610969
0.395341 0.568925 0.613094 0.737065 0.172568 0.325714 0.522944 0.282816 0.547334 0.239794 0.261482 0.290249 0.287179 0.305522 0.330477 0.335324 0.351161 0.373076 0.233294 0.185983 0.140546 0.224036 0.174229 0.124576 0.225739 0.176413 0.127614 0.523816 0.556148 0.590947 0.627802 0.563941 0.594093 0.626788 0.661650 0.231509 0.259544 0.293479 0.331506 0.276262 0.300146 0.329931 0.364172 0.324135 0.345333 0.371208 0.389855 0.418959 0.435567 0.467182 0.482131 0.390172 0.437786 0.376991 0.426080 0.370148 0.420038 0.369996 0.419905 0.069511 0.076143 0.108460 0.206809 0.221822 0.246252 0.127556 0.132303 0.154069 0.187005 0.283894 0.333348 0.382944 0.432633 0.293482 0.341896 0.390710 0.439791 0.489058 0.527411 0.505264 0.487260 0.473870 0.465492 0.244339 0.286208 0.534168 0.243965 0.154500 0.000000 0.067242 0.268567 0.197130 0.392909 0.434093 0.356012 0.388741 0.307252 0.462313 0.417108 0.516408
0.333971 0.571476 0.653894 0.801639 0.238916 0.330994 0.569741 0.243024 0.612455 0.287012 0.315621 0.349081 0.330911 0.356010 0.385984 0.376336 0.398585 0.425571 0.166105 0.118843 0.075210 0.159728 0.109753 0.059821 0.168626 0.122342 0.080626 0.589769 0.621066 0.654691 0.690301 0.630477 0.659846 0.691588 0.725389 0.298687 0.325515 0.357360 0.393004 0.343463 0.367032 0.395548 0.428024 0.391151 0.412517 0.437903 0.457088 0.485303 0.502682 0.533178 0.549044 0.404413 0.453819 0.399332 0.449297 0.400477 0.450315 0.407796 0.456836 0.066901 0.108678 0.155390 0.208685 0.237389 0.272320 0.108177 0.137709 0.176707 0.220197 0.348721 0.397693 0.446892 0.496252 0.342099 0.388294 0.435331 0.482964 0.531032 0.568607 0.550838 0.537152 0.527865 0.523213 0.228957 0.232545 0.592941 0.241487 0.215337 0.067242 0.000000 0.203070 0.156510 0.386522 0.462908 0.341302 0.442175 0.325374 0.516371 0.483142 0.519435
0.226088 0.573945 0.828162 0.981911 0.433166 0.456600 0.697697 0.173967 0.815476 0.478519 0.512934 0.549747 0.517104 0.549105 0.583641 0.557505 0.587309 0.619720 0.067730 0.089442 0.128111 0.117467 0.131191 0.160074 0.167361 0.177263 0.199587 0.777802 0.804254 0.832871 0.863437 0.821321 0.846414 0.873651 0.902838 0.496283 0.516716 0.541012 0.568677 0.543109 0.561842 0.584265 0.609971 0.591847 0.609432 0.639501 0.655809 0.687488 0.702683 0.735743 0.749961 0.458371 0.506418 0.475330 0.521817 0.496762 0.541413 0.522118 0.564767 0.227148 0.275338 0.324077 0.280356 0.329065 0.378110 0.253434 0.302339 0.351552 0.400960 0.551762 0.600760 0.649911 0.699183 0.488368 0.525544 0.564704 0.605462 0.647517 0.745026 0.734252 0.726766 0.722669 0.722020 0.248046 0.209023 0.755187 0.366884 0.417832 0.268567 0.203070 0.000000 0.149722 0.385330 0.621899 0.324392 0.594020 0.402156 0.666839 0.672501 0.528057
0.365093 0.449214 0.807707 0.849053 0.327248 0.482536 0.548946 0.086850 0.725700 0.436271 0.458335 0.484571 0.482607 0.502641 0.526674 0.529610 0.547928 0.570055 0.173103 0.137822 0.114127 0.208176 0.179909 0.162473 0.248414 0.225255 0.211589 0.653620 0.675245 0.699781 0.726932 0.699703 0.719945 0.743006 0.768632 0.392744 0.402287 0.417638 0.438187 0.442370 0.450864 0.464612 0.483168 0.492601 0.500667 0.542316 0.549653 0.592079 0.598806 0.641879 0.648089 0.313432 0.362604 0.326873 0.374284 0.347063 0.392040 0.372907 0.415093 0.130760 0.164106 0.204361 0.130825 0.180047 0.229605 0.257054 0.293308 0.333140 0.375413 0.467734 0.517706 0.567683 0.617664 0.345952 0.379822 0.416948 0.456538 0.498005 0.722142 0.701740 0.684390 0.670328 0.659765 0.104020 0.309953 0.614400 0.391010 0.348867 0.197130 0.156510 0.149722 0.000000 0.257794 0.619387 0.202600 0.451344 0.252907 0.522798 0.551475 0.399739
0.611240 0.191496 0.984134 0.794718 0.427312 0.714890 0.417281 0.212467 0.800030 0.614037 0.618233 0.626404 0.663993 0.667875 0.675446 0.713956 0.717567 0.724619 0.426516 0.395447 0.368566 0.465357 0.437058 0.412894 0.506160 0.480271 0.458391 0.646092 0.648716 0.655156 0.665301 0.696088 0.698524 0.704508 0.713953 0.481487 0.462683 0.448690 0.439965 0.527268 0.510155 0.497498 0.489643 0.572336 0.556992 0.619482 0.605334 0.667043 0.653925 0.714938 0.702714 0.121160 0.150273 0.167405 0.189544 0.215336 0.232963 0.264035 0.278598 0.329008 0.321730 0.322141 0.186558 0.188514 0.203153 0.494692 0.519048 0.546902 0.577748 0.581271 0.625986 0.671447 0.717512 0.315384 0.314179 0.320858 0.334949 0.355573 0.899665 0.868911 0.840010 0.813159 0.788566 0.159393 0.567534 0.541563 0.627358 0.506958 0.392909 0.386522 0.385330 0.257794 0.000000 0.823157 0.061915 0.391238 0.148127 0.441037 0.566217 0.143136
0.583961 0.987730 0.216075 0.825402 0.437206 0.183982 0.817587 0.705911 0.451650 0.218213 0.237539 0.265015 0.170960 0.195026 0.227691 0.125847 0.156989 0.196096 0.557206 0.537195 0.521228 0.512723 0.490902 0.473376 0.469351 0.445410 0.426017 0.622758 0.672269 0.721848 0.771481 0.631945 0.680788 0.729788 0.778915 0.421799 0.469981 0.518507 0.567290 0.410511 0.459877 0.509367 0.558948 0.409360 0.459312 0.410107 0.459978 0.416893 0.466039 0.429432 0.477288 0.798328 0.840209 0.771425 0.814690 0.746903 0.791510 0.725005 0.770880 0.502689 0.501596 0.505471 0.636908 0.640331 0.647607 0.372446 0.328375 0.286259 0.247099 0.339816 0.337462 0.342471 0.354531 0.623534 0.669893 0.716742 0.763991 0.811570 0.146296 0.166535 0.197650 0.235365 0.276999 0.678429 0.470546 0.741010 0.259441 0.327588 0.434093 0.462908 0.621899 0.619387 0.823157 0.000000 0.789751 0.669837 0.715022 0.722985 0.548928 0.935765
0.550456 0.250131 0.959309 0.824522 0.414028 0.672040 0.459566 0.150943 0.800034 0.586071 0.594897 0.607722 0.635648 0.643795 0.655664 0.685286 0.692850 0.703892 0.367733 0.339033 0.315688 0.408157 0.382502 0.361972 0.450507 0.427402 0.409131 0.663635 0.670701 0.681372 0.695483 0.713381 0.719959 0.729910 0.743100 0.472697 0.460131 0.452767 0.450862 0.520597 0.509215 0.502571 0.500855 0.567883 0.557848 0.616505 0.607273 0.665331 0.656786 0.714319 0.706367 0.167517 0.204929 0.206893 0.238199 0.250095 0.276553 0.295449 0.318157 0.288867 0.289762 0.299132 0.156878 0.174922 0.203923 0.448800 0.476980 0.508526 0.542851 0.568811 0.615570 0.662802 0.710413 0.328845 0.336767 0.351689 0.372771 0.399037 0.874120 0.846007 0.819981 0.796248 0.775018 0.112784 0.510618 0.572592 0.582751 0.482133 0.356012 0.341302 0.324392 0.202600 0.061915 0.789751 0.000000 0.415677 0.165428 0.472154 0.577186 0.203686
0.774167 0.442641 0.756173 0.410359 0.252714 0.652355 0.148871 0.487476 0.458362 0.460850 0.432559 0.408451 0.501654 0.475796 0.453989 0.543996 0.520246 0.500381 0.589711 0.540163 0.490707 0.598188 0.549405 0.500862 0.610655 0.562953 0.515686 0.259059 0.257594 0.265702 0.282561 0.308726 0.307498 0.314321 0.328696 0.248708 0.199871 0.151793 0.105516 0.262935 0.217318 0.174126 0.135693 0.281746 0.240620 0.310913 0.274197 0.344896 0.312202 0.382413 0.353209 0.280855 0.287451 0.230915 0.238894 0.181009 0.191083 0.131173 0.144758 0.384248 0.335359 0.286853 0.327658 0.278653 0.230078 0.511724 0.497644 0.488301 0.483969 0.335860 0.357606 0.384658 0.415982 0.105685 0.079100 0.079651 0.106919 0.146694 0.683707 0.639462 0.596127 0.553917 0.513109 0.384990 0.673535 0.163907 0.597208 0.366947 0.388741 0.442175 0.594020 0.451344 0.391238 0.669837 0.415677 0.000000 0.250254 0.074285 0.200780 0.405374
0.615164 0.273417 0.859463 0.659551 0.294478 0.631310 0.308029 0.258054 0.653332 0.498951 0.495200 0.496481 0.548596 0.545186 0.546350 0.598299 0.595174 0.596240 0.421484 0.378432 0.337303 0.447715 0.407445 0.369558 0.477754 0.440240 0.405430 0.500256 0.505700 0.515955 0.530741 0.550176 0.555130 0.564488 0.578033 0.342374 0.318663 0.301450 0.291888 0.385663 0.364777 0.349840 0.341634 0.428699 0.410528 0.474664 0.458319 0.521372 0.506537 0.568640 0.555070 0.084011 0.130536 0.075741 0.125374 0.097034 0.139275 0.134516 0.167560 0.258958 0.231136 0.211632 0.126126 0.087985 0.067639 0.427999 0.439554 0.456325 0.477763 0.444505 0.486725 0.530300 0.574921 0.167452 0.171350 0.188896 0.216801 0.251641 0.776689 0.742250 0.709665 0.679201 0.651156 0.158209 0.543178 0.408405 0.551214 0.389089 0.307252 0.325374 0.402156 0.252907 0.148127 0.715022 0.165428 0.250254 0.000000 0.308412 0.418233 0.222226
0.848449 0.464497 0.793221 0.353683 0.320123 0.717310 0.102101 0.554808 0.465989 0.519938 0.487668 0.458589 0.557917 0.527973 0.501238 0.597667 0.569816 0.545137 0.663688 0.614213 0.564831 0.672467 0.623689 0.575121 0.684794 0.636961 0.589487 0.237590 0.222257 0.217594 0.224268 0.284084 0.271390 0.267585 0.273040 0.307127 0.257149 0.207182 0.157235 0.312507 0.263551 0.215076 0.167500 0.321591 0.275034 0.341703 0.298303 0.367562 0.327605 0.398048 0.361477 0.323987 0.320034 0.274707 0.270034 0.225745 0.220034 0.177362 0.170034 0.458508 0.409644 0.361091 0.396902 0.347245 0.297702 0.584339 0.568590 0.556900 0.549527 0.384180 0.398407 0.418166 0.442715 0.178782 0.144071 0.120623 0.115513 0.130907 0.724925 0.678733 0.633120 0.588221 0.544211 0.451854 0.747513 0.100628 0.665858 0.431721 0.462313 0.516371 0.666839 0.522798 0.441037 0.722985 0.472154 0.074285 0.308412 0.000000 0.211326 0.433626
0.809150 0.641185 0.590341 0.323879 0.244562 0.584477 0.313062 0.610672 0.258264 0.373304 0.329889 0.288613 0.399064 0.358779 0.321237 0.429125 0.391942 0.357896 0.648219 0.599125 0.550194 0.640999 0.591306 0.541669 0.637629 0.587651 0.537677 0.106724 0.143598 0.186684 0.232554 0.148905 0.177209 0.213620 0.254684 0.191748 0.157630 0.133893 0.126521 0.163182 0.121279 0.088253 0.076608 0.142406 0.093724 0.141944 0.093020 0.158166 0.116280 0.186775 0.152937 0.468430 0.482869 0.420061 0.436104 0.372123 0.390143 0.324808 0.345306 0.445414 0.397440 0.350034 0.452517 0.412075 0.373952 0.513595 0.481820 0.453344 0.428825 0.216999 0.211543 0.217744 0.234680 0.250833 0.260753 0.279405 0.305192 0.336477 0.527793 0.479592 0.431801 0.384572 0.338141 0.516475 0.691872 0.195277 0.555831 0.319010 0.417108 0.483142 0.672501 0.551475 0.566217 0.548928 0.577186 0.200780 0.418233 0.211326 0.000000 0.601363
0.754092 0.052520 1.081218 0.776619 0.515650 0.841928 0.378084 0.354551 0.852106 0.720670 0.717397 0.717602 0.770436 0.767375 0.767567 0.820230 0.817356 0.817536 0.569548 0.537560 0.508484 0.607771 0.577903 0.550960 0.647601 0.619655 0.594608 0.663156 0.654876 0.650346 0.649644 0.712194 0.704491 0.700282 0.699630 0.559704 0.530288 0.504126 0.481746 0.599827 0.572477 0.548331 0.527829 0.639123 0.613872 0.681915 0.658309 0.725631 0.703492 0.770111 0.749288 0.142999 0.118496 0.184758 0.166518 0.229831 0.215442 0.276603 0.264768 0.457743 0.441494 0.430470 0.311869 0.296849 0.289787 0.627104 0.646755 0.669570 0.695239 0.662662 0.702456 0.743485 0.785553 0.362529 0.341114 0.326022 0.318154 0.318047 0.998732 0.963725 0.930090 0.897979 0.867564 0.298493 0.709691 0.528451 0.757216 0.610969 0.516408 0.519435 0.528057 0.399739 0.143136 0.935765 0.203686 0.405374 0.222226 0.433626 0.601363 0.000000
