100
0.000000 90.000000 90.000000 127.279221 84.356210 86.096797 87.848430 85.369000 87.089347 88.821409 86.416214 88.116119 89.828385 96.926461 98.904061 100.882544 97.248083 99.219273 101.191594 97.609634 99.573666 101.539103 97.570075 98.965991 100.382345 101.818284 99.022215 100.397943 101.794375 103.210671 79.357562 79.998773 80.684477 81.413548 81.261846 81.888147 82.558160 83.270828 30.612867 32.579676 34.550297 36.524111 38.500629 40.479453 42.460261 44.442789 46.426815 48.412156 73.801882 75.239476 76.702279 78.188877 79.697938 37.678185 39.649022 41.622642 43.598666 45.576782 90.139739 91.481368 92.846696 94.234692 95.644369 97.074783 98.525031 43.174027 45.045790 46.928134 48.819836 50.719848 52.627270 54.541325 110.720480 63.539263 76.285181 79.446258 66.220546 47.818025 81.181849 41.045031 72.173314 43.578775 23.110634 79.544326 118.977698 62.238660 70.050769 83.599667 76.745030 64.079000 20.344767 41.428778 99.451305 44.294310 60.646319 85.281922 56.255651 46.209808 84.933841 82.960510
90.000000 0.000000 127.279221 90.000000 106.042932 106.241392 106.477055 108.034985 108.229792 108.461135 110.027326 110.218611 110.445788 84.610379 85.391055 86.211068 86.463435 87.227528 88.030436 88.322901 89.071044 89.857481 73.853012 73.270835 72.739006 72.258639 75.761118 75.193715 74.675583 74.207752 99.897317 98.598454 97.323359 96.072979 101.416660 100.137506 98.882259 97.651842 89.475361 90.167222 90.897831 91.666261 92.471569 93.312800 94.188993 95.099180 96.042396 97.017676 115.973197 115.799330 115.659792 115.554705 115.484165 62.933157 62.116207 61.353598 60.647382 59.999549 73.757062 72.964186 72.218007 71.519988 70.871552 70.274072 69.728856 52.089350 50.183931 48.286163 46.396984 44.517487 42.648954 40.792890 74.711090 44.686690 113.153271 16.179365 30.101034 68.304363 80.403741 98.069692 84.953816 83.148934 89.618286 36.741060 78.266981 87.204546 111.683836 74.108682 15.145947 31.494250 82.994127 70.606455 91.967319 47.318562 107.530731 121.570861 48.877258 44.063882 114.741587 35.237687
90.000000 127.279221 0.000000 90.000000 23.669948 24.543763 25.544592 21.854153 22.797673 23.871819 20.073405 21.096717 22.253120 58.644045 59.764872 60.930748 56.982597 58.135466 59.333367 55.343553 56.529858 57.761067 70.379951 72.302734 74.229597 76.160232 69.848529 71.785548 73.725930 75.669416 28.525439 30.263538 32.032215 33.826674 27.560218 29.355522 31.175756 33.016796 60.201340 58.210729 56.220785 54.231581 52.243201 50.255744 48.269322 46.284070 44.300145 42.317733 16.209031 14.914259 13.789038 12.877888 12.228755 75.064185 74.380594 73.744923 73.158421 72.622280 64.057619 65.932137 67.813825 69.702102 71.596447 73.496391 75.401509 84.660560 85.630234 86.635233 87.674342 88.746362 89.850116 90.984449 83.585276 82.750346 15.280812 111.100041 98.265157 62.895639 51.116102 48.974252 42.832661 52.793914 67.216620 92.722841 90.375937 40.715382 20.230601 59.146546 113.017150 97.509522 72.336526 64.309023 53.277806 92.317488 29.389766 5.808522 79.940505 97.996683 13.316703 95.581500
127.279221 90.000000 90.000000 0.000000 68.479193 66.910173 65.364690 69.722994 68.182603 66.666624 71.001351 69.489304 68.002461 34.688635 32.885543 31.106535 35.577412 33.821736 32.094664 36.554113 34.847679 33.174061 29.794049 28.320190 26.914327 25.587669 28.516047 26.972445 25.492364 24.087516 67.048878 65.097874 63.149934 61.205354 66.643957 64.680740 62.719847 60.761503 103.406450 102.260362 101.140839 100.048773 98.985073 97.950663 96.946480 95.973474 95.032602 94.124828 90.916430 89.280128 87.658915 86.053642 84.465220 90.418850 88.424267 86.429934 84.435869 82.442091 37.660458 36.082937 34.549190 33.065309 31.638313 30.276246 28.988260 89.536105 88.441171 87.378300 86.348676 85.353503 84.393999 83.471394 17.584667 69.334566 84.957266 79.330215 78.593592 79.591355 49.871082 101.643728 61.990326 88.327986 109.614825 60.167524 11.740433 73.407931 89.305354 44.738199 84.335498 79.961718 108.197452 86.049859 37.496004 93.806071 93.534168 86.834364 74.931785 97.003243 78.289264 59.119129
84.356210 106.042932 23.669948 68.479193 0.000000 2.000000 4.000000 2.000000 2.828427 4.472136 4.000000 4.472136 5.656854 35.517676 36.825147 38.192638 34.000885 35.364478 36.786308 32.536365 33.958816 35.437090 46.848559 48.794404 50.744460 52.698259 46.417505 48.380690 50.346772 52.315426 6.452048 7.454430 8.803870 10.365700 4.670284 5.979227 7.595443 9.361109 53.883038 51.980643 50.085852 48.199564 46.322817 44.456819 42.602983 40.762968 38.938733 37.132605 22.831207 21.043683 19.297906 17.606298 15.986066 60.484191 59.313138 58.187279 57.109285 56.081918 40.389326 42.269662 44.160515 46.060588 47.968786 49.884178 51.805964 68.357256 68.917339 69.530459 70.195227 70.910189 71.673845 72.484655 60.457379 62.307959 16.751698 89.933349 78.124847 46.717528 27.638708 45.580822 21.241935 41.645974 61.471051 70.453967 67.624205 24.211227 22.255562 35.592919 92.368655 77.669115 64.519871 50.089662 31.021170 75.945505 29.451973 19.143422 60.790840 81.526984 10.472591 73.082600
86.096797 106.241392 24.543763 66.910173 2.000000 0.000000 2.000000 2.828427 2.000000 2.828427 4.472136 4.000000 4.472136 34.277094 35.517676 36.825147 32.702814 34.000885 35.364478 31.177378 32.536365 33.958816 45.839665 47.767399 49.700844 51.639359 45.336689 47.284932 49.237326 51.193396 7.445938 7.982778 8.944690 10.212259 5.474282 6.184700 7.384664 8.877838 55.666942 53.775059 51.891286 50.016538 48.151870 46.298501 44.457842 42.631540 40.821523 39.030056 24.651399 22.831207 21.043683 19.297906 17.606298 61.697863 60.484191 59.313138 58.187279 57.109285 39.598477 41.446462 43.307956 45.181289 47.065048 48.958029 50.859202 69.365157 69.876700 70.441334 71.057792 71.724738 72.440778 73.204471 59.240623 62.741627 18.566679 90.165668 78.573385 47.835854 27.231413 47.493281 21.722848 43.235048 63.255288 70.451063 66.293994 25.536650 24.200292 35.080142 92.700112 78.170135 66.199642 51.385660 29.514742 76.923937 31.451970 20.317459 61.450430 82.480805 11.608747 73.006636
87.848430 106.477055 25.544592 65.364690 4.000000 2.000000 0.000000 4.472136 2.828427 2.000000 5.656854 4.472136 4.000000 33.110920 34.277094 35.517676 31.478372 32.702814 34.000885 29.890513 31.177378 32.536365 44.897241 46.803364 48.717015 50.637340 44.319814 46.249741 48.185383 50.126079 8.789486 8.937614 9.513508 10.446661 6.791464 6.982111 7.705567 8.831855 57.465077 55.583512 53.710506 51.846988 49.994018 48.152814 46.324780 44.511537 42.714969 40.937272 26.497526 24.651399 22.831207 21.043683 19.297906 62.951690 61.697863 60.484191 59.313138 58.187279 38.894486 40.704963 42.532423 44.374768 46.230218 48.097256 49.974584 70.415449 70.879524 71.396627 71.965615 72.585268 73.254300 73.971372 58.067274 63.235605 20.416261 90.441627 79.069982 49.010310 26.966674 49.412673 22.372850 44.857013 65.052076 70.504915 64.998109 26.945453 26.153361 34.675306 93.073375 78.718794 67.896770 52.725686 28.070039 77.941416 33.451967 21.613136 62.167390 83.471657 12.955726 72.985418
85.369000 108.034985 21.854153 69.722994 2.000000 2.828427 4.472136 0.000000 2.000000 4.000000 2.000000 2.828427 4.472136 37.080324 38.334535 39.650003 35.517676 36.825147 38.192638 34.000885 35.364478 36.786308 48.567604 50.503221 52.443670 54.388434 48.093166 50.047136 52.004605 53.965194 8.336589 9.439023 10.802390 12.340505 6.635095 7.976274 9.550780 11.261165 54.830895 52.909126 50.993373 49.084342 47.182848 45.289841 43.406431 41.533923 39.673862 37.828083 22.044173 20.187078 18.360030 16.572968 14.840344 62.101035 60.961050 59.866189 58.818974 57.821991 42.215981 44.082566 45.960376 47.848090 49.744580 51.648880 53.560157 70.104209 70.690467 71.328003 72.015457 72.751412 73.534413 74.362974 62.040827 64.268184 15.968544 91.922494 80.080461 48.407363 29.584917 46.217624 23.206416 42.912012 62.412971 72.453729 69.115971 25.780481 21.854943 37.515632 94.344932 79.612857 65.640665 51.648037 32.340495 77.706828 29.516006 17.511703 62.692102 83.300285 8.802260 75.080002
87.089347 108.229792 22.797673 68.182603 2.828427 2.000000 2.828427 2.000000 0.000000 2.000000 2.828427 2.000000 2.828427 35.893791 37.080324 38.334535 34.277094 35.517676 36.825147 32.702814 34.000885 35.364478 47.595163 49.511674 51.434543 53.363083 47.050857 48.988667 50.931285 52.878182 9.127528 9.861611 10.917462 12.211903 7.223621 8.131439 9.384023 10.862757 56.584924 54.673077 52.767765 50.869723 48.979796 47.098961 45.228351 43.369292 41.523332 39.692302 23.924318 22.044173 20.187078 18.360030 16.572968 63.283706 62.101035 60.961050 59.866189 58.818974 41.459990 43.293850 45.141823 47.002243 48.873690 50.754943 52.644952 71.087345 71.626083 72.216209 72.856475 73.545571 74.282139 75.064780 60.855739 64.688712 17.863274 92.149798 80.518106 49.487516 29.204777 48.104773 23.647412 44.455854 64.171023 72.450905 67.815028 27.029061 23.832387 37.029490 94.669470 80.101720 67.292464 52.905875 30.898458 78.663354 31.511939 18.787982 63.331894 84.234029 10.127567 75.006061
88.821409 108.461135 23.871819 66.666624 4.472136 2.828427 2.000000 4.000000 2.000000 0.000000 4.472136 2.828427 2.000000 34.781865 35.893791 37.080324 33.110920 34.277094 35.517676 31.478372 32.702814 34.000885 46.688189 48.582265 50.484512 52.394040 46.071832 47.990240 49.915054 51.845561 10.253041 10.649300 11.388166 12.408589 8.266614 8.753265 9.638589 10.825209 58.354780 56.452769 54.557767 52.670531 50.791925 48.922944 47.064735 45.218626 43.386161 41.569144 25.822479 23.924318 22.044173 20.187078 18.360030 64.506716 63.283706 62.101035 60.961050 59.866189 40.788141 42.584531 44.398335 46.227503 48.070280 49.925161 51.790844 72.112559 72.604748 73.148326 73.742158 74.385040 75.075711 75.812866 59.714134 65.167932 19.778745 92.419833 81.002781 50.623668 28.958085 50.000697 24.245874 46.034826 65.942865 72.503272 66.548768 28.363834 25.813306 36.646195 95.034998 80.637237 68.962703 54.208334 29.521547 79.658619 33.508357 20.182091 64.027790 85.204494 11.647122 74.985409
86.416214 110.027326 20.073405 71.001351 4.000000 4.472136 5.656854 2.000000 2.828427 4.472136 0.000000 2.000000 4.000000 38.683272 39.887112 41.152981 37.080324 38.334535 39.650003 35.517676 36.825147 38.192638 50.307423 52.232718 54.163428 56.098993 49.792775 51.737225 53.685757 55.637942 10.264916 11.428990 12.801371 14.322305 8.616114 9.974504 11.521460 13.190805 55.834328 53.895862 51.962059 50.033462 48.110695 46.194487 44.285690 42.385304 40.494514 38.614730 21.415580 19.498709 17.600347 15.727199 13.889469 63.739624 62.629472 61.564290 60.546452 59.578384 44.057694 45.911010 47.776158 49.651804 51.536803 53.430165 55.331030 71.864356 72.475406 73.136061 73.844987 74.600811 75.402121 76.247483 63.647732 66.230788 15.406798 93.912100 82.038215 50.120037 31.537858 46.931079 25.176492 44.232277 63.404005 74.453504 70.632866 27.405890 21.632546 39.446031 96.322188 81.559319 66.802545 53.235940 33.726878 79.479446 29.714819 15.963987 64.599328 85.083640 7.299616 77.077539
88.116119 110.218611 21.096717 69.489304 4.472136 4.000000 4.472136 2.828427 2.000000 2.828427 2.000000 0.000000 2.000000 37.547428 38.683272 39.887112 35.893791 37.080324 38.334535 34.277094 35.517676 36.825147 49.369264 51.274627 53.186940 55.105479 48.786791 50.714043 52.646722 54.584252 10.917031 11.780408 12.898623 14.211647 9.077093 10.099014 11.383608 12.852353 57.557787 55.628533 53.704455 51.786131 49.874224 47.969501 46.072854 44.185322 42.308126 40.442704 23.346402 21.415580 19.498709 17.600347 15.727199 64.892439 63.739624 62.629472 61.564290 60.546452 43.333845 45.154243 46.989246 48.837207 50.696710 52.566529 54.445601 72.823734 73.388270 74.002568 74.665401 75.375487 76.131505 76.932100 62.493124 66.638931 17.362937 94.134600 82.465471 51.164046 31.181536 48.790641 25.583550 45.731571 65.135314 74.450756 69.360380 28.583558 23.628609 38.983969 96.640086 82.036583 68.426302 54.457113 32.346706 80.414890 31.698236 17.354464 65.220413 85.998023 8.852810 77.005515
89.828385 110.445788 22.253120 68.002461 5.656854 4.472136 4.000000 4.472136 2.828427 2.000000 4.000000 2.000000 0.000000 36.485932 37.547428 38.683272 34.781865 35.893791 37.080324 33.110920 34.277094 35.517676 48.495480 50.377753 52.268770 54.167616 47.843301 49.750255 51.664245 53.584518 11.874116 12.447258 13.299392 14.381009 9.927227 10.606104 11.594354 12.820633 59.298613 57.378598 55.464236 53.556133 51.654984 49.761585 47.876856 46.001862 44.137844 42.286254 25.287980 23.346402 21.415580 19.498709 17.600347 66.085684 64.892439 63.739624 62.629472 61.564290 42.691496 44.474606 46.275450 48.092036 49.922647 51.765793 53.620183 73.824838 74.343741 74.912462 75.529875 76.194797 76.905996 77.662200 61.381979 67.104226 19.328056 94.398958 82.938767 52.263765 30.950603 50.660903 26.137719 47.267947 66.881614 74.501717 68.122851 29.848898 25.625286 38.620077 96.998189 82.559551 70.069519 55.723325 31.034117 81.388739 33.683614 18.854865 65.896368 86.948802 10.557465 76.985400
96.926461 84.610379 58.644045 34.688635 35.517676 34.277094 33.110920 37.080324 35.893791 34.781865 38.683272 37.547428 36.485932 0.000000 2.000000 4.000000 2.000000 2.828427 4.472136 4.000000 4.472136 5.656854 12.762900 14.406752 16.131254 17.913131 11.662942 13.441990 15.275797 17.146803 32.980241 30.986972 28.994630 27.003420 32.881822 30.882201 28.882633 26.883129 70.551120 69.205500 67.892135 66.612932 65.369896 64.165131 63.000831 61.879281 60.802847 59.773965 57.044012 55.542827 54.073950 52.640085 51.244170 62.424907 60.547452 58.678095 56.817635 54.966977 11.029540 11.646201 12.554570 13.696732 15.019445 16.479289 18.043010 64.855902 64.356271 63.915345 63.534344 63.214354 62.956304 62.760958 24.964873 48.712089 51.263695 69.884970 62.750708 49.514671 16.067838 67.560035 27.596265 55.390146 77.286099 48.170435 32.190219 39.121589 55.054453 14.296776 73.819877 63.286229 76.969630 55.678084 7.550959 70.921738 58.872388 54.591634 51.648756 75.433666 45.881802 49.372946
98.904061 85.391055 59.764872 32.885543 36.825147 35.517676 34.277094 38.334535 37.080324 35.893791 39.887112 38.683272 37.547428 2.000000 0.000000 2.000000 2.828427 2.000000 2.828427 4.472136 4.000000 4.472136 12.647733 14.105715 15.683661 17.348868 11.288973 12.901431 14.610029 16.384718 34.526736 32.541278 30.557717 28.576447 34.350496 32.354225 30.358444 28.363258 72.549799 71.202227 69.885914 68.602659 67.354352 66.142971 64.970581 63.839332 62.751447 61.709221 58.575019 57.044012 55.542827 54.073950 52.640085 64.309751 62.424907 60.547452 58.678095 56.817635 12.205679 12.542129 13.176926 14.069746 15.175116 16.450244 17.858805 66.600936 66.071699 65.599194 65.184653 64.829189 64.533778 64.299248 23.836691 50.176526 52.750874 70.826094 64.019706 51.459016 18.066910 69.519385 29.543228 57.389342 79.285991 49.097534 30.800275 41.073372 56.673830 16.085535 74.841852 64.605042 78.958780 57.638069 7.510672 72.595119 60.649418 55.831543 53.280477 77.053606 47.125510 50.171470
100.882544 86.211068 60.930748 31.106535 38.192638 36.825147 35.517676 39.650003 38.334535 37.080324 41.152981 39.887112 38.683272 4.000000 2.000000 0.000000 4.472136 2.828427 2.000000 5.656854 4.472136 4.000000 12.846739 14.085023 15.483444 17.002536 11.263108 12.657281 14.197040 15.839985 36.117789 34.142014 32.169233 30.200033 35.870586 33.880398 31.891438 29.903950 74.548549 73.199133 71.880040 70.592968 69.339701 68.122104 66.942125 65.801786 64.703184 63.648480 60.133572 58.575019 57.044012 55.542827 54.073950 66.201354 64.309751 62.424907 60.547452 58.678095 13.575951 13.673916 14.058645 14.707653 15.587962 16.662956 17.897587 68.359939 67.802723 67.300350 66.854058 66.464976 66.134113 65.862348 22.828289 51.676879 54.271015 71.810599 65.325294 53.407471 20.066167 71.480987 31.496838 59.388593 81.285889 50.087371 29.480563 43.029582 58.316836 17.919014 75.902776 65.958139 80.948464 59.600713 7.987703 74.284653 62.439937 57.114586 54.936549 78.691033 48.419910 51.035918
97.248083 86.463435 56.982597 35.577412 34.000885 32.702814 31.478372 35.517676 34.277094 33.110920 37.080324 35.893791 34.781865 2.000000 2.828427 4.472136 0.000000 2.000000 4.000000 2.000000 2.828427 4.472136 14.746903 16.364317 18.058533 19.809855 13.599518 15.338404 17.134362 18.971191 31.719410 29.736744 27.756565 25.779447 31.527481 29.531932 27.537030 25.542925 70.505749 69.118337 67.761555 66.437280 65.147494 63.894287 62.679851 61.506484 60.376580 59.292624 55.760700 54.223999 52.718389 51.246609 49.811659 63.131807 61.276014 59.429579 57.593400 55.768491 12.770945 13.518030 14.504386 15.684939 17.019325 18.474239 20.023426 65.869025 65.420386 65.030189 64.699490 64.429205 64.220098 64.072767 26.603934 50.115270 49.928912 71.667298 64.324139 50.030020 16.127599 67.181624 27.192401 55.368553 77.332948 49.967260 33.626618 38.723420 53.887625 15.346643 75.557441 64.818340 77.205971 56.117283 5.582700 72.049143 57.967998 53.018775 52.848107 76.636031 44.311389 51.226780
99.219273 87.227528 58.135466 33.821736 35.364478 34.000885 32.702814 36.825147 35.517676 34.277094 38.334535 37.080324 35.893791 2.828427 2.000000 2.828427 2.000000 0.000000 2.000000 2.828427 2.000000 2.828427 14.647344 16.099925 17.659854 19.301123 13.280196 14.866959 16.543559 18.285301 33.324468 31.353091 29.385582 27.422775 33.056382 31.067998 29.081208 27.096361 72.505679 71.117511 69.759067 68.432115 67.138524 65.880258 64.659380 63.478046 62.338506 61.243092 57.325991 55.760700 54.223999 52.718389 51.246609 64.996155 63.131807 61.276014 59.429579 57.593400 13.799452 14.297137 15.046307 16.011702 17.156860 18.448335 19.857601 67.587907 67.108619 66.685894 66.320811 66.014329 65.767266 65.580294 25.548234 51.539852 51.454685 72.585316 65.562689 51.955082 18.120079 69.151697 29.166336 57.368502 79.331659 50.861617 32.298547 40.694304 55.541034 17.025453 76.556224 66.106595 79.189184 58.062444 5.528087 73.696930 59.771922 54.294615 54.443894 78.231078 45.597952 51.996842
101.191594 88.030436 59.333367 32.094664 36.786308 35.364478 34.000885 38.192638 36.825147 35.517676 39.650003 38.334535 37.080324 4.472136 2.828427 2.000000 4.000000 2.000000 0.000000 4.472136 2.828427 2.000000 14.819523 16.081799 17.482285 18.990427 13.258216 14.655590 16.179998 17.798830 34.970264 33.011493 31.057977 29.110775 34.633319 32.654342 30.678092 28.705132 74.505612 73.116731 71.756717 70.427243 69.130071 67.867053 66.640131 65.451334 64.302778 63.196657 58.917593 57.325991 55.760700 54.223999 52.718389 66.868343 64.996155 63.131807 61.276014 59.429579 15.025070 15.299644 15.824206 16.575038 17.523078 18.638258 19.892487 69.321871 68.813564 68.360013 67.962314 67.621453 67.338293 67.113564 24.610064 53.001627 53.012007 73.546275 66.838144 53.885603 20.114052 71.123441 31.143597 59.368455 81.330434 51.817768 31.042597 42.667898 57.216577 18.767330 77.593711 67.429567 81.173221 60.011211 6.160597 75.361767 61.587957 55.613127 56.065612 79.844360 46.934499 52.831431
97.609634 88.322901 55.343553 36.554113 32.536365 31.177378 29.890513 34.000885 32.702814 31.478372 35.517676 34.277094 33.110920 4.000000 4.472136 5.656854 2.000000 2.828427 4.472136 0.000000 2.000000 4.000000 16.734715 18.331047 20.000097 21.725111 15.552157 17.258221 19.021639 20.827850 30.537610 28.571935 26.611375 24.657152 30.244832 28.258798 26.274884 24.293607 70.517095 69.088984 67.689842 66.321503 64.985911 63.685129 62.421332 61.196811 60.013970 58.875323 54.520565 52.947885 51.404911 49.894402 48.419394 63.893514 62.060503 60.238118 58.427355 56.629327 14.578865 15.422071 16.466245 17.675807 19.019230 20.470175 22.007385 66.926594 66.527621 66.186703 65.904742 65.682496 65.520575 65.419424 28.289463 51.557859 48.639759 73.460834 65.920696 50.619197 16.432392 66.860922 26.931386 55.419176 77.431444 51.778986 35.118211 38.425354 52.770821 16.572298 77.307694 66.375353 77.493225 56.623756 3.649121 73.213832 57.119345 51.475573 54.094831 77.871204 42.776848 53.091225
99.573666 89.071044 56.529858 34.847679 33.958816 32.536365 31.177378 35.364478 34.000885 32.702814 36.825147 35.517676 34.277094 4.472136 4.000000 4.472136 2.828427 2.000000 2.828427 2.000000 0.000000 2.000000 16.647049 18.095413 19.640868 21.262254 15.273712 16.840606 18.491234 20.205086 32.201628 30.250584 28.306374 26.370510 31.835392 29.860428 27.889033 25.922021 72.516712 71.088984 69.689409 68.319718 66.981744 65.677425 64.408806 63.178038 61.987375 60.839171 56.120457 54.520565 52.947885 51.404911 49.894402 65.736262 63.893514 62.060503 60.238118 58.427355 15.487775 16.109353 16.945541 17.966398 19.142402 20.446800 21.856617 68.618989 68.188446 67.814177 67.497119 67.238081 67.037736 66.896611 27.299024 52.943639 50.204726 74.356712 67.129796 52.522669 18.391882 68.840174 28.923140 57.417362 79.427677 52.642571 33.848713 40.410777 54.458148 18.138018 78.284149 67.633958 79.469270 58.552095 3.565010 74.835978 58.949244 52.788723 55.654883 79.441455 44.108193 53.834624
101.539103 89.857481 57.761067 33.174061 35.437090 33.958816 32.536365 36.786308 35.364478 34.000885 38.192638 36.825147 35.517676 5.656854 4.472136 4.000000 4.472136 2.828427 2.000000 4.000000 2.000000 0.000000 16.798744 18.079288 19.481364 20.980620 15.254605 16.654304 18.166693 19.765920 33.901977 31.966235 30.038913 28.121743 33.469905 31.507629 29.550412 27.599329 74.516349 73.088984 71.689001 70.318036 68.977818 67.670176 66.397033 65.160412 63.962431 62.805301 57.745296 56.120457 54.520565 52.947885 51.404911 67.587952 65.736262 63.893514 62.060503 60.238118 16.589123 17.005359 17.639883 18.470212 19.471311 20.618322 21.888317 70.327536 69.867044 69.461108 69.110688 68.816632 68.579665 68.400381 26.423090 54.367684 51.799641 75.295067 68.376025 54.433064 20.359252 70.820591 30.915958 59.415670 81.424095 53.566942 32.652444 42.397571 56.166005 19.782171 79.299033 68.927621 81.446484 60.485087 4.483582 76.476022 60.789861 54.143919 57.242302 81.030643 45.488534 54.641150
97.570075 73.853012 70.379951 29.794049 46.848559 45.839665 44.897241 48.567604 47.595163 46.688189 50.307423 49.369264 48.495480 12.762900 12.647733 12.846739 14.746903 14.647344 14.819523 16.734715 16.647049 16.798744 0.000000 2.000000 4.000000 6.000000 2.000000 2.828427 4.472136 6.324555 43.342351 41.356893 39.372908 37.390629 43.622754 41.650666 39.681371 37.715308 73.825968 72.753568 71.720916 70.729752 69.781845 68.878981 68.022953 67.215550 66.458546 65.753680 67.136104 65.812738 64.524231 63.272714 62.060425 61.051222 59.071568 57.093333 55.116668 53.141749 8.245473 6.427144 4.756947 3.456719 3.044547 3.819637 5.282991 61.255791 60.390816 59.580445 58.826934 58.132495 57.499267 56.929293 15.029751 42.499635 61.648907 59.901401 54.749633 49.820275 22.131645 72.828478 34.387342 58.848269 79.894737 38.318520 23.396693 45.240499 64.622357 15.472717 64.223256 55.632614 78.404132 56.272788 20.115858 66.358508 67.101832 65.981949 46.991169 70.233979 57.319483 38.886022
98.965991 73.270835 72.302734 28.320190 48.794404 47.767399 46.803364 50.503221 49.511674 48.582265 52.232718 51.274627 50.377753 14.406752 14.105715 14.085023 16.364317 16.099925 16.081799 18.331047 18.095413 18.079288 2.000000 0.000000 2.000000 4.000000 2.828427 2.000000 2.828427 4.472136 45.329087 43.342351 41.356893 39.372908 45.597274 43.622754 41.650666 39.681371 75.509625 74.461477 73.452839 72.485362 71.560714 70.680577 69.846632 69.060554 68.323994 67.638571 69.133568 67.807472 66.515084 65.258406 64.039540 62.274110 60.287697 58.302213 56.317755 54.334438 10.132495 8.245473 6.427144 4.756947 3.456719 3.044547 3.819637 62.173090 61.255791 60.390816 59.580445 58.826934 58.132495 57.499267 13.109435 43.072334 63.640716 59.565785 54.904983 51.276433 24.111481 74.663400 36.351932 60.571470 81.511497 38.105748 21.524619 47.158894 66.622323 17.334659 63.978026 55.858128 79.908854 57.737486 21.613898 67.111522 69.081280 67.932141 47.804599 70.872101 59.263267 38.485329
100.382345 72.739006 74.229597 26.914327 50.744460 49.700844 48.717015 52.443670 51.434543 50.484512 54.163428 53.186940 52.268770 16.131254 15.683661 15.483444 18.058533 17.659854 17.482285 20.000097 19.640868 19.481364 4.000000 2.000000 0.000000 2.000000 4.472136 2.828427 2.000000 2.828427 47.316940 45.329087 43.342351 41.356893 47.573923 45.597274 43.622754 41.650666 77.208376 76.183603 75.198069 74.253334 73.350976 72.492578 71.679717 70.913962 70.196852 69.529894 71.131174 69.802508 68.506470 67.244945 66.019913 63.536430 61.544802 59.553735 57.563288 55.573526 12.055998 10.132495 8.245473 6.427144 4.756947 3.456719 3.044547 63.140434 62.173090 61.255791 60.390816 59.580445 58.826934 58.132495 11.217003 43.729086 65.633023 59.295763 55.132494 52.768223 26.094392 76.506596 38.320186 62.311212 83.144931 37.997198 19.677734 49.083804 68.622291 19.224355 63.794584 56.154013 81.434894 59.233504 23.187786 67.915102 71.061880 69.885148 48.686646 71.560447 61.210673 38.185316
101.818284 72.258639 76.160232 25.587669 52.698259 51.639359 50.637340 54.388434 53.363083 52.394040 56.098993 55.105479 54.167616 17.913131 17.348868 17.002536 19.809855 19.301123 18.990427 21.725111 21.262254 20.980620 6.000000 4.000000 2.000000 0.000000 6.324555 4.472136 2.828427 2.000000 49.305776 47.316940 45.329087 43.342351 49.552446 47.573923 45.597274 43.622754 78.921247 77.919005 76.955698 76.032805 75.151817 74.314223 73.521506 72.775132 72.076542 71.427138 73.128911 71.797820 70.498343 69.232260 68.001435 64.835877 62.840424 60.845269 58.850443 56.855980 14.000955 12.055998 10.132495 8.245473 6.427144 4.756947 3.456719 64.155558 63.140434 62.173090 61.255791 60.390816 59.580445 58.826934 9.369366 44.466166 67.625785 59.092236 55.431278 54.292708 28.079728 78.357484 40.291567 64.066148 84.794073 37.993764 17.863852 51.014491 70.622261 21.134362 63.673465 56.519164 82.981077 60.758527 24.823099 68.767476 73.043536 71.840742 49.633651 72.297583 63.161367 37.988368
99.022215 75.761118 69.848529 28.516047 46.417505 45.336689 44.319814 48.093166 47.050857 46.071832 49.792775 48.786791 47.843301 11.662942 11.288973 11.263108 13.599518 13.280196 13.258216 15.552157 15.273712 15.254605 2.000000 2.828427 4.472136 6.324555 0.000000 2.000000 4.000000 6.000000 43.152914 41.158320 39.164276 37.170873 43.342351 41.356893 39.372908 37.390629 74.936409 73.825968 72.753568 71.720916 70.729752 69.781845 68.878981 68.022953 67.215550 66.458546 67.063674 65.695811 64.361034 63.061444 61.799263 62.660974 60.687225 58.715252 56.745242 54.777405 9.170290 7.577241 6.223740 5.296726 5.037426 5.540400 6.634485 63.052400 62.212409 61.426075 60.695481 60.022664 59.409586 58.858115 14.635769 44.431425 61.497444 61.868337 56.746213 51.231191 22.514381 73.656830 34.827910 59.902702 81.099823 40.301836 22.799578 45.857823 64.665112 16.349798 66.204709 57.623880 79.748159 57.670345 18.799346 68.225515 67.421045 65.560846 48.839878 72.140467 56.873876 40.837206
100.397943 75.193715 71.785548 26.972445 48.380690 47.284932 46.249741 50.047136 48.988667 47.990240 51.737225 50.714043 49.750255 13.441990 12.901431 12.657281 15.338404 14.866959 14.655590 17.258221 16.840606 16.654304 2.828427 2.000000 2.828427 4.472136 2.000000 0.000000 2.000000 4.000000 45.147987 43.152914 41.158320 39.164276 45.329087 43.342351 41.356893 39.372908 76.595661 75.509625 74.461477 73.452839 72.485362 71.560714 70.680577 69.846632 69.060554 68.323994 69.063233 67.693991 66.356783 65.053585 63.786481 63.853041 61.871605 59.891404 57.912563 55.935228 10.898342 9.170290 7.577241 6.223740 5.296726 5.037426 5.540400 63.943931 63.052400 62.212409 61.426075 60.695481 60.022664 59.409586 12.655814 44.979534 63.494005 61.543447 56.896110 52.648340 24.463262 75.471615 36.768968 61.596411 82.693026 40.099589 20.874021 47.751424 66.663796 18.121847 65.966845 57.841631 81.227988 59.100417 20.394319 68.958144 69.391388 67.523202 49.623014 72.761871 58.832385 40.455842
101.794375 74.675583 73.725930 25.492364 50.346772 49.237326 48.185383 52.004605 50.931285 49.915054 53.685757 52.646722 51.664245 15.275797 14.610029 14.197040 17.134362 16.543559 16.179998 19.021639 18.491234 18.166693 4.472136 2.828427 2.000000 2.828427 4.000000 2.000000 0.000000 2.000000 47.143478 45.147987 43.152914 41.158320 47.316940 45.329087 43.342351 41.356893 78.270845 77.208376 76.183603 75.198069 74.253334 73.350976 72.492578 71.679717 70.913962 70.196852 71.062816 69.692275 68.352781 67.046193 65.774474 65.084744 63.097161 61.110389 59.124508 57.139613 12.706435 10.898342 9.170290 7.577241 6.223740 5.296726 5.037426 64.884880 63.943931 63.052400 62.212409 61.426075 60.695481 60.022664 10.683328 45.608831 65.490775 61.282140 57.115691 54.102315 26.419784 77.295542 38.716026 63.307993 84.303570 39.996451 18.963881 49.653368 68.662556 19.937070 65.788949 58.127420 82.729699 60.562777 22.055409 69.740449 71.363381 69.487704 50.473292 73.432505 60.793595 40.170548
103.210671 74.207752 75.669416 24.087516 52.315426 51.193396 50.126079 53.965194 52.878182 51.845561 55.637942 54.584252 53.584518 17.146803 16.384718 15.839985 18.971191 18.285301 17.798830 20.827850 20.205086 19.765920 6.324555 4.472136 2.828427 2.000000 6.000000 4.000000 2.000000 0.000000 49.139335 47.143478 45.147987 43.152914 49.305776 47.316940 45.329087 43.342351 79.960960 78.921247 77.919005 76.955698 76.032805 75.151817 74.314223 73.521506 72.775132 72.076542 73.062422 71.690656 70.349006 69.039229 67.763174 66.353877 64.361541 62.369696 60.378390 58.387679 14.564791 12.706435 10.898342 9.170290 7.577241 6.223740 5.296726 65.873127 64.884880 63.943931 63.052400 62.212409 61.426075 60.695481 8.723381 46.316007 67.487737 61.085231 57.404154 55.590226 28.382367 79.127977 40.668223 65.036038 85.930478 39.993189 17.074331 51.562734 70.661386 21.784678 65.671508 58.480250 84.252122 62.055142 23.768759 70.570780 73.336891 71.454175 51.387382 74.151033 62.757254 39.983381
79.357562 99.897317 28.525439 67.048878 6.452048 7.445938 8.789486 8.336589 9.127528 10.253041 10.264916 10.917031 11.874116 32.980241 34.526736 36.117789 31.719410 33.324468 34.970264 30.537610 32.201628 33.901977 43.342351 45.329087 47.316940 49.305776 43.152914 45.147987 47.143478 49.139335 0.000000 2.000000 4.000000 6.000000 2.000000 2.828427 4.472136 6.324555 49.139363 47.297989 45.470018 43.657134 41.861296 40.084796 38.330322 36.601043 34.900704 33.233747 24.064500 22.593933 21.210173 19.931309 18.778784 54.254347 53.038272 51.870824 50.755359 49.695378 36.292487 38.244368 40.200980 42.161664 44.125877 46.093168 48.063159 61.961243 62.499129 63.095853 63.749762 64.459116 65.222107 66.036874 57.562699 55.981402 18.355319 83.760551 71.781741 40.393962 22.748341 41.753078 14.960362 36.166121 56.709936 64.575857 65.125896 18.157682 22.264054 30.828017 86.105791 71.295286 59.301491 43.966714 29.719022 69.535826 27.662421 23.378877 54.356188 75.107419 15.278549 67.306357
79.998773 98.598454 30.263538 65.097874 7.454430 7.982778 8.937614 9.439023 9.861611 10.649300 11.428990 11.780408 12.447258 30.986972 32.541278 34.142014 29.736744 31.353091 33.011493 28.571935 30.250584 31.966235 41.356893 43.342351 45.329087 47.316940 41.158320 43.152914 45.147987 47.143478 2.000000 0.000000 2.000000 4.000000 2.828427 2.000000 2.828427 4.472136 49.939365 48.128608 46.333419 44.555678 42.797561 41.061588 39.350689 37.668283 36.018360 34.405596 26.060068 24.593819 23.207428 21.916055 20.737460 54.057197 52.783025 51.554971 50.376406 49.250883 34.346142 36.292487 38.244368 40.200980 42.161664 44.125877 46.093168 61.483739 61.961243 62.499129 63.095853 63.749762 64.459116 65.222107 55.563131 54.870371 20.354459 82.483744 70.692901 40.083889 20.901533 42.916068 13.806498 36.627937 57.487437 63.100029 63.127804 18.297355 24.207566 28.970422 84.915261 70.256628 59.855803 43.907811 27.813061 69.018614 29.370227 25.210382 53.474651 74.558706 16.966997 65.779759
80.684477 97.323359 32.032215 63.149934 8.803870 8.944690 9.513508 10.802390 10.917462 11.388166 12.801371 12.898623 13.299392 28.994630 30.557717 32.169233 27.756565 29.385582 31.057977 26.611375 28.306374 30.038913 39.372908 41.356893 43.342351 45.329087 39.164276 41.158320 43.152914 45.147987 4.000000 2.000000 0.000000 2.000000 4.472136 2.828427 2.000000 2.828427 50.805544 49.026789 47.265726 45.524407 43.805187 42.110772 40.444281 38.809311 37.210018 35.651202 28.056267 26.593722 25.205118 23.903344 22.703343 53.933541 52.602635 51.315179 50.074525 48.884235 32.406333 34.346142 36.292487 38.244368 40.200980 42.161664 44.125877 61.068033 61.483739 61.961243 62.499129 63.095853 63.749762 64.459116 53.563594 53.810759 22.353753 81.236113 69.644485 39.871847 19.085626 44.139077 12.861816 37.191708 58.323186 61.653759 61.129836 18.651675 26.159595 27.133080 83.755573 69.260160 60.471212 43.939956 25.921274 68.555868 31.112874 27.065750 52.654357 74.059954 18.716943 64.279139
81.413548 96.072979 33.826674 61.205354 10.365700 10.212259 10.446661 12.340505 12.211903 12.408589 14.322305 14.211647 14.381009 27.003420 28.576447 30.200033 25.779447 27.422775 29.110775 24.657152 26.370510 28.121743 37.390629 39.372908 41.356893 43.342351 37.170873 39.164276 41.158320 43.152914 6.000000 4.000000 2.000000 0.000000 6.324555 4.472136 2.828427 2.000000 51.734577 49.988891 48.262946 46.558938 44.879366 43.227078 41.605325 40.017818 38.468800 36.963108 30.052971 28.593638 27.203147 25.892591 24.674711 53.883886 52.497874 51.152520 49.851117 48.597195 30.474305 32.406333 34.346142 36.292487 38.244368 40.200980 42.161664 60.715395 61.068033 61.483739 61.961243 62.499129 63.095853 63.749762 51.564094 52.805663 24.353163 80.019023 68.638344 39.759404 17.310349 45.417260 12.175108 37.852881 59.214715 60.239175 59.132006 19.208768 28.118368 25.320401 82.628024 68.307728 61.145873 44.062951 24.047007 68.148698 32.884823 28.940392 51.898211 73.612179 20.512652 62.806360
81.261846 101.416660 27.560218 66.643957 4.670284 5.474282 6.791464 6.635095 7.223621 8.266614 8.616114 9.077093 9.927227 32.881822 34.350496 35.870586 31.527481 33.056382 34.633319 30.244832 31.835392 33.469905 43.622754 45.597274 47.573923 49.552446 43.342351 45.329087 47.316940 49.305776 2.000000 2.828427 4.472136 6.324555 0.000000 2.000000 4.000000 6.000000 50.992688 49.139363 47.297989 45.470018 43.657134 41.861296 40.084796 38.330322 36.601043 34.900704 24.285087 22.704498 21.194881 19.772501 18.457534 56.241137 55.017567 53.840505 52.713065 51.638498 36.791797 38.718516 40.652313 42.592225 44.537453 46.487330 48.441294 63.897686 64.419405 64.998502 65.633458 66.322668 67.064460 67.857109 57.638199 57.638834 18.402472 85.297881 73.454843 42.363104 23.557590 43.417120 16.573829 38.125956 58.569741 65.926897 65.070602 20.157478 22.838590 31.601628 87.709916 72.999500 61.234085 45.964108 29.195432 71.462477 28.784306 22.617785 56.143960 77.025613 14.245491 68.600916
81.888147 100.137506 29.355522 64.680740 5.979227 6.184700 6.982111 7.976274 8.131439 8.753265 9.974504 10.099014 10.606104 30.882201 32.354225 33.880398 29.531932 31.067998 32.654342 28.258798 29.860428 31.507629 41.650666 43.622754 45.597274 47.573923 41.356893 43.342351 45.329087 47.316940 2.828427 2.000000 2.828427 4.472136 2.000000 0.000000 2.000000 4.000000 51.764055 49.939365 48.128608 46.333419 44.555678 42.797561 41.061588 39.350689 37.668283 36.018360 26.263899 24.695431 23.193453 21.771729 20.447007 56.050975 54.771546 53.536274 52.348286 51.210872 34.873331 36.791797 38.718516 40.652313 42.592225 44.537453 46.487330 63.434760 63.897686 64.419405 64.998502 65.633458 66.322668 67.064460 55.641344 56.560370 20.396992 84.044432 72.391173 42.067548 21.779511 44.536677 15.540230 38.564309 59.322872 64.481998 63.070758 20.283385 24.737004 29.792308 86.541457 71.985435 61.771057 45.907768 27.252878 70.959310 30.429213 24.506237 55.290933 76.490661 16.043035 67.103776
82.558160 98.882259 31.175756 62.719847 7.595443 7.384664 7.705567 9.550780 9.384023 9.638589 11.521460 11.383608 11.594354 28.882633 30.358444 31.891438 27.537030 29.081208 30.678092 26.274884 27.889033 29.550412 39.681371 41.650666 43.622754 45.597274 39.372908 41.356893 43.342351 45.329087 4.472136 2.828427 2.000000 2.828427 4.000000 2.000000 0.000000 2.000000 52.600195 50.805544 49.026789 47.265726 45.524407 43.805187 42.110772 40.444281 38.809311 37.210018 28.245696 26.687721 25.192251 23.771087 22.438352 55.931727 54.597726 53.305396 52.057841 50.858355 32.964559 34.873331 36.791797 38.718516 40.652313 42.592225 44.537453 63.031922 63.434760 63.897686 64.419405 64.998502 65.633458 66.322668 53.644723 55.533014 22.392489 82.820315 71.367709 41.865554 20.043307 45.716353 14.707334 39.100171 60.133116 63.067427 61.070924 20.603580 26.650282 28.008932 85.403853 71.013230 62.367570 45.938514 25.319270 70.509302 32.114446 26.411118 54.497985 76.004588 17.883622 65.633435
83.270828 97.651842 33.016796 60.761503 9.361109 8.877838 8.831855 11.261165 10.862757 10.825209 13.190805 12.852353 12.820633 26.883129 28.363258 29.903950 25.542925 27.096361 28.705132 24.293607 25.922021 27.599329 37.715308 39.681371 41.650666 43.622754 37.390629 39.372908 41.356893 43.342351 6.324555 4.472136 2.828427 2.000000 6.000000 4.000000 2.000000 0.000000 53.498072 51.734577 49.988891 48.262946 46.558938 44.879366 43.227078 41.605325 40.017818 38.468800 30.229891 28.681083 27.191226 25.770545 24.431111 55.883848 54.496800 53.148827 51.842980 50.582519 31.067266 32.964559 34.873331 36.791797 38.718516 40.652313 42.592225 62.690332 63.031922 63.434760 63.897686 64.419405 64.998502 65.633458 51.648363 54.559655 24.388723 81.626850 70.386206 41.758480 18.360860 46.951616 14.110727 39.729596 60.998198 61.685271 59.071101 21.109223 28.575439 26.256789 84.298355 70.084626 63.021933 46.056172 23.396827 70.113477 33.833982 28.329113 53.767773 75.568337 19.755224 64.191734
30.612867 89.475361 60.201340 103.406450 53.883038 55.666942 57.465077 54.830895 56.584924 58.354780 55.834328 57.557787 59.298613 70.551120 72.549799 74.548549 70.505749 72.505679 74.505612 70.517095 72.516712 74.516349 73.825968 75.509625 77.208376 78.921247 74.936409 76.595661 78.270845 79.960960 49.139363 49.939365 50.805544 51.734577 50.992688 51.764055 52.600195 53.498072 0.000000 2.000000 4.000000 6.000000 8.000000 10.000000 12.000000 14.000000 16.000000 18.000000 44.035025 45.299919 46.616326 47.980007 49.387045 26.547856 27.494114 28.549326 29.701880 30.940901 65.768133 67.425496 69.100997 70.793347 72.501367 74.223975 75.960179 37.485034 39.336197 41.201275 43.078459 44.966235 46.863322 48.768633 88.245347 50.610361 45.963391 75.212418 60.331350 26.660747 54.483498 11.968030 43.867637 15.169239 7.588437 66.962758 96.740744 32.951213 40.011603 58.671264 74.460281 58.547963 12.294335 21.162147 71.819697 43.436525 30.897157 55.199832 43.682679 48.304630 54.374467 70.649118
32.579676 90.167222 58.210729 102.260362 51.980643 53.775059 55.583512 52.909126 54.673077 56.452769 53.895862 55.628533 57.378598 69.205500 71.202227 73.199133 69.118337 71.117511 73.116731 69.088984 71.088984 73.088984 72.753568 74.461477 76.183603 77.919005 73.825968 75.509625 77.208376 78.921247 47.297989 48.128608 49.026789 49.988891 49.139363 49.939365 50.805544 51.734577 2.000000 0.000000 2.000000 4.000000 6.000000 8.000000 10.000000 12.000000 14.000000 16.000000 42.049631 43.307203 44.619011 45.980414 47.387138 27.253306 28.075319 29.012142 30.053039 31.187594 64.655717 66.340877 68.043091 69.761110 71.493795 73.240105 74.999088 38.304948 40.118297 41.948616 43.793778 45.651984 47.521703 49.401629 87.260310 50.676911 43.963500 75.731296 60.838229 26.309288 53.144589 10.167757 42.351761 13.933011 9.508143 66.923450 95.760092 31.318169 38.016631 57.524223 75.110442 59.094804 14.230945 21.116025 70.325278 44.461321 28.920301 53.201847 43.865114 49.432587 52.388027 70.609210
34.550297 90.897831 56.220785 101.140839 50.085852 51.891286 53.710506 50.993373 52.767765 54.557767 51.962059 53.704455 55.464236 67.892135 69.885914 71.880040 67.761555 69.759067 71.756717 67.689842 69.689409 71.689001 71.720916 73.452839 75.198069 76.955698 72.753568 74.461477 76.183603 77.919005 45.470018 46.333419 47.265726 48.262946 47.297989 48.128608 49.026789 49.988891 4.000000 2.000000 0.000000 2.000000 4.000000 6.000000 8.000000 10.000000 12.000000 14.000000 40.065690 41.315191 42.621948 43.980859 45.387239 28.083746 28.784036 29.603120 30.531438 31.559351 63.586762 65.299514 67.028179 68.771556 70.528556 72.298184 74.079536 39.209826 40.983156 42.776485 44.587401 46.413845 48.254053 50.106509 86.310383 50.822140 41.963619 76.299085 61.406095 26.106739 51.848270 8.457708 40.877547 12.889987 11.455357 66.943897 94.811491 29.730002 36.022217 56.424775 75.807806 59.703666 16.182981 21.258801 68.856521 45.550920 26.946861 51.204020 44.137513 50.614464 50.402660 70.625939
36.524111 91.666261 54.231581 100.048773 48.199564 50.016538 51.846988 49.084342 50.869723 52.670531 50.033462 51.786131 53.556133 66.612932 68.602659 70.592968 66.437280 68.432115 70.427243 66.321503 68.319718 70.318036 70.729752 72.485362 74.253334 76.032805 71.720916 73.452839 75.198069 76.955698 43.657134 44.555678 45.524407 46.558938 45.470018 46.333419 47.265726 48.262946 6.000000 4.000000 2.000000 0.000000 2.000000 4.000000 6.000000 8.000000 10.000000 12.000000 38.083428 39.323990 40.625174 41.981346 43.387349 29.028449 29.611112 30.314766 31.131209 32.051822 62.563494 64.303507 66.058241 67.826554 69.607411 71.399874 73.203089 40.193927 41.925653 43.680305 45.455227 47.248136 49.057058 50.880287 85.396737 51.045378 39.963750 76.914704 62.033273 26.056574 50.597815 6.905241 39.449664 12.090275 13.418108 67.024044 93.895913 28.194295 34.028458 55.375755 76.551083 60.372673 18.145468 21.586724 67.415104 46.700789 24.977647 49.206369 44.498224 51.846575 48.418497 70.699265
38.500629 92.471569 52.243201 98.985073 46.322817 48.151870 49.994018 47.182848 48.979796 50.791925 48.110695 49.874224 51.654984 65.369896 67.354352 69.339701 65.147494 67.138524 69.130071 64.985911 66.981744 68.977818 69.781845 71.560714 73.350976 75.151817 70.729752 72.485362 74.253334 76.032805 41.861296 42.797561 43.805187 44.879366 43.657134 44.555678 45.524407 46.558938 8.000000 6.000000 4.000000 2.000000 0.000000 2.000000 4.000000 6.000000 8.000000 10.000000 36.103124 37.333729 38.628734 39.981882 41.387470 30.076650 30.546933 31.138809 31.845497 32.659546 61.588191 63.354996 65.135288 66.927991 68.732134 70.546839 72.371311 41.251583 42.940677 44.655463 46.393092 48.151092 49.927310 51.719870 84.520548 51.345605 37.963895 77.577013 62.717982 26.159668 49.396707 5.641976 38.073325 11.584374 15.390453 67.163678 93.014333 26.720097 32.035477 54.380082 77.338951 61.099849 20.115345 22.091554 66.002818 47.906586 23.013744 47.208917 44.945119 53.125423 46.435693 70.829011
40.479453 93.312800 50.255744 97.950663 44.456819 46.298501 48.152814 45.289841 47.098961 48.922944 46.194487 47.969501 49.761585 64.165131 66.142971 68.122104 63.894287 65.880258 67.867053 63.685129 65.677425 67.670176 68.878981 70.680577 72.492578 74.314223 69.781845 71.560714 73.350976 75.151817 40.084796 41.061588 42.110772 43.227078 41.861296 42.797561 43.805187 44.879366 10.000000 8.000000 6.000000 4.000000 2.000000 0.000000 2.000000 4.000000 6.000000 8.000000 34.125116 35.344568 36.632683 37.982474 39.387603 31.217927 31.581836 32.066583 32.666790 33.376228 60.663166 62.456144 64.261343 66.077761 67.904497 69.740741 71.585761 42.377287 44.023211 45.697393 47.396839 49.118927 50.861357 52.622108 83.682994 51.721483 35.964057 78.284828 63.458362 26.414228 48.248631 4.897083 36.754322 11.411429 17.369124 67.362429 92.167726 25.318153 30.043429 53.440737 78.170060 61.883143 22.090636 22.761520 64.621573 49.164197 21.056636 45.211690 45.475659 54.447718 44.454430 71.014868
42.460261 94.188993 48.269322 96.946480 42.602983 44.457842 46.324780 43.406431 45.228351 47.064735 44.285690 46.072854 47.876856 63.000831 64.970581 66.942125 62.679851 64.659380 66.640131 62.421332 64.408806 66.397033 68.022953 69.846632 71.679717 73.521506 68.878981 70.680577 72.492578 74.314223 38.330322 39.350689 40.444281 41.605325 40.084796 41.061588 42.110772 43.227078 12.000000 10.000000 8.000000 6.000000 4.000000 2.000000 0.000000 2.000000 4.000000 6.000000 32.149830 33.356704 34.637086 35.983133 37.387751 32.442457 32.706415 33.089365 33.587239 34.195017 59.790754 61.609127 63.438432 65.277752 67.126263 68.983226 70.847976 43.565764 45.168401 46.801635 48.462374 50.147885 51.855752 53.583837 82.885246 52.171376 33.964237 79.036925 64.252487 26.815940 47.157461 4.912328 35.499047 11.586358 19.352180 67.619775 91.357066 24.001128 28.052513 52.560740 79.043047 62.720454 24.070009 23.582554 63.273402 50.469749 19.108413 43.214720 46.086955 55.810369 42.474923 71.256398
44.442789 95.099180 46.284070 95.973474 40.762968 42.631540 44.511537 41.533923 43.369292 45.218626 42.385304 44.185322 46.001862 61.879281 63.839332 65.801786 61.506484 63.478046 65.451334 61.196811 63.178038 65.160412 67.215550 69.060554 70.913962 72.775132 68.022953 69.846632 71.679717 73.521506 36.601043 37.668283 38.809311 40.017818 38.330322 39.350689 40.444281 41.605325 14.000000 12.000000 10.000000 8.000000 6.000000 4.000000 2.000000 0.000000 2.000000 4.000000 30.177800 31.370382 32.642029 33.983868 35.387915 33.741178 33.911750 34.198632 34.598933 35.108772 58.973288 60.816108 62.668566 64.529834 66.399169 68.275910 70.159463 44.812020 46.371605 47.963886 49.585714 51.234282 52.907091 54.601913 82.128463 52.693387 31.964440 79.832054 65.098390 27.358323 46.127236 5.681593 34.314494 12.094076 21.338400 67.935050 90.583316 22.783753 26.062988 51.743119 79.956539 63.609647 26.052532 24.539498 61.960465 51.819619 17.172099 41.218043 46.775840 57.210494 40.497430 71.553036
46.426815 96.042396 44.300145 95.032602 38.938733 40.821523 42.714969 39.673862 41.523332 43.386161 40.494514 42.308126 44.137844 60.802847 62.751447 64.703184 60.376580 62.338506 64.302778 60.013970 61.987375 63.962431 66.458546 68.323994 70.196852 72.076542 67.215550 69.060554 70.913962 72.775132 34.900704 36.018360 37.210018 38.468800 36.601043 37.668283 38.809311 40.017818 16.000000 14.000000 12.000000 10.000000 8.000000 6.000000 4.000000 2.000000 0.000000 2.000000 28.209708 29.385915 30.647616 31.984696 33.388099 35.105856 35.189543 35.386252 35.694112 36.110282 58.213085 60.079227 61.953722 63.835836 65.724913 67.620370 69.521685 46.111370 47.628427 49.180034 50.763022 52.374545 54.012051 55.673246 81.413788 53.285398 29.964670 80.668941 65.994081 28.033213 45.162127 6.959169 33.208231 12.895334 23.326974 68.307454 89.847430 21.682820 24.075199 50.990876 80.909166 64.548579 28.037538 25.617123 60.685047 53.210433 15.252230 39.221705 47.538943 58.645408 38.522261 71.904101
48.412156 97.017676 42.317733 94.124828 37.132605 39.030056 40.937272 37.828083 39.692302 41.569144 38.614730 40.442704 42.286254 59.773965 61.709221 63.648480 59.292624 61.243092 63.196657 58.875323 60.839171 62.805301 65.753680 67.638571 69.529894 71.427138 66.458546 68.323994 70.196852 72.076542 33.233747 34.405596 35.651202 36.963108 34.900704 36.018360 37.210018 38.468800 18.000000 16.000000 14.000000 12.000000 10.000000 8.000000 6.000000 4.000000 2.000000 0.000000 26.246441 27.403708 28.653982 29.985634 31.388306 36.529100 36.532194 36.644606 36.865338 37.192461 57.512414 59.400572 61.295825 63.197535 65.105136 67.018124 68.936051 47.459454 48.934736 50.446180 51.990631 53.565234 55.167409 56.794820 80.742339 53.945105 27.964932 81.546302 66.937562 28.831307 44.266392 8.519365 32.188332 13.939606 25.317349 68.736056 89.150347 20.716901 22.089614 50.306942 81.899561 65.535113 30.024534 26.800878 59.449565 54.639066 13.355899 37.225761 48.372750 60.112621 36.549793 72.308799
73.801882 115.973197 16.209031 90.916430 22.831207 24.651399 26.497526 22.044173 23.924318 25.822479 21.415580 23.346402 25.287980 57.044012 58.575019 60.133572 55.760700 57.325991 58.917593 54.520565 56.120457 57.745296 67.136104 69.133568 71.131174 73.128911 67.063674 69.063233 71.062816 73.062422 24.064500 26.060068 28.056267 30.052971 24.285087 26.263899 28.245696 30.229891 44.035025 42.049631 40.065690 38.083428 36.103124 34.125116 32.149830 30.177800 28.209708 26.246441 0.000000 2.000000 4.000000 6.000000 8.000000 60.393644 59.912692 59.495119 59.142266 58.855298 59.728520 61.717179 63.706548 65.696563 67.687166 69.678307 71.669942 70.527517 71.673587 72.856541 74.074611 75.326095 76.609353 77.922817 81.558941 71.314776 6.084721 99.887929 86.271187 49.253208 45.654566 32.767692 34.789320 37.597929 51.010532 83.158626 89.184322 28.899661 4.519104 53.608997 101.273411 85.284037 56.215707 49.759328 53.437659 78.099501 13.181737 11.746805 67.538551 83.750826 15.354762 86.329128
75.239476 115.799330 14.914259 89.280128 21.043683 22.831207 24.651399 20.187078 22.044173 23.924318 19.498709 21.415580 23.346402 55.542827 57.044012 58.575019 54.223999 55.760700 57.325991 52.947885 54.520565 56.120457 65.812738 67.807472 69.802508 71.797820 65.695811 67.693991 69.692275 71.690656 22.593933 24.593819 26.593722 28.593638 22.704498 24.695431 26.687721 28.681083 45.299919 43.307203 41.315191 39.323990 37.333729 35.344568 33.356704 31.370382 29.385915 27.403708 2.000000 0.000000 2.000000 4.000000 6.000000 60.936473 60.393644 59.912692 59.495119 59.142266 58.496243 60.478654 62.462187 64.446738 66.432216 68.418539 70.405637 70.926115 72.026588 73.165189 74.340168 75.549826 76.792524 78.066686 80.148551 71.116804 4.324184 99.684559 86.200786 49.489318 44.492287 34.194951 33.889994 38.289150 52.365907 82.659062 87.711324 28.612933 5.323438 52.490548 101.169258 85.258537 57.422618 50.250126 51.787672 78.528192 14.599262 10.093985 67.525236 84.191494 13.357737 85.785741
76.702279 115.659792 13.789038 87.658915 19.297906 21.043683 22.831207 18.360030 20.187078 22.044173 17.600347 19.498709 21.415580 54.073950 55.542827 57.044012 52.718389 54.223999 55.760700 51.404911 52.947885 54.520565 64.524231 66.515084 68.506470 70.498343 64.361034 66.356783 68.352781 70.349006 21.210173 23.207428 25.205118 27.203147 21.194881 23.193453 25.192251 27.191226 46.616326 44.619011 42.621948 40.625174 38.628734 36.632683 34.637086 32.642029 30.647616 28.653982 4.000000 2.000000 0.000000 2.000000 4.000000 61.539542 60.936473 60.393644 59.912692 59.495119 57.307283 59.281743 61.257860 63.235479 65.214462 67.194691 69.176057 71.378546 72.433111 73.526963 74.658376 75.825667 77.027207 78.261417 78.763695 70.974660 2.893666 99.520974 86.176755 49.804685 43.391104 35.677272 33.087257 39.070626 53.761529 82.205133 86.259547 28.464179 6.652494 51.425584 101.104568 85.279946 58.672893 50.814954 50.163160 79.005201 16.140591 8.590089 67.571142 84.677118 11.361758 85.285804
78.188877 115.554705 12.877888 86.053642 17.606298 19.297906 21.043683 16.572968 18.360030 20.187078 15.727199 17.600347 19.498709 52.640085 54.073950 55.542827 51.246609 52.718389 54.223999 49.894402 51.404911 52.947885 63.272714 65.258406 67.244945 69.232260 63.061444 65.053585 67.046193 69.039229 19.931309 21.916055 23.903344 25.892591 19.772501 21.771729 23.771087 25.770545 47.980007 45.980414 43.980859 41.981346 39.981882 37.982474 35.983133 33.983868 31.984696 29.985634 6.000000 4.000000 2.000000 0.000000 2.000000 62.201099 61.539542 60.936473 60.393644 59.912692 56.164392 58.129016 60.095973 62.065042 64.036029 66.008761 67.983086 71.883794 72.892261 73.941082 75.028565 76.153053 77.312931 78.506632 77.405743 70.888679 2.459276 99.397370 86.199135 50.197816 42.355780 37.208074 32.388292 39.937058 55.194345 81.797600 84.830081 28.455562 8.256656 50.417494 101.079418 85.348229 59.963820 51.451375 48.566678 79.529659 17.773546 7.327395 67.676147 85.206931 9.367494 84.830085
79.697938 115.484165 12.228755 84.465220 15.986066 17.606298 19.297906 14.840344 16.572968 18.360030 13.889469 15.727199 17.600347 51.244170 52.640085 54.073950 49.811659 51.246609 52.718389 48.419394 49.894402 51.404911 62.060425 64.039540 66.019913 68.001435 61.799263 63.786481 65.774474 67.763174 18.778784 20.737460 22.703343 24.674711 18.457534 20.447007 22.438352 24.431111 49.387045 47.387138 45.387239 43.387349 41.387470 39.387603 37.387751 35.387915 33.388099 31.388306 8.000000 6.000000 4.000000 2.000000 0.000000 62.919300 62.201099 61.539542 60.936473 60.393644 55.070439 57.023152 58.979035 60.937781 62.899124 64.862828 66.828685 72.440755 73.403052 74.406673 75.449971 76.531321 77.649135 78.801861 76.076136 70.859067 3.423854 99.313897 86.267889 50.666901 41.391259 38.781617 31.799943 40.883045 56.661535 81.437158 83.424072 28.587209 10.004452 49.469756 101.093836 85.463275 61.292830 52.156768 47.001084 80.100634 19.475091 6.449171 67.839977 85.780114 7.376337 84.419301
37.678185 62.933157 75.064185 90.418850 60.484191 61.697863 62.951690 62.101035 63.283706 64.506716 63.739624 64.892439 66.085684 62.424907 64.309751 66.201354 63.131807 64.996155 66.868343 63.893514 65.736262 67.587952 61.051222 62.274110 63.536430 64.835877 62.660974 63.853041 65.084744 66.353877 54.254347 54.057197 53.933541 53.883886 56.241137 56.050975 55.931727 55.883848 26.547856 27.253306 28.083746 29.028449 30.076650 31.217927 32.442457 33.741178 35.105856 36.529100 60.393644 60.936473 61.539542 62.201099 62.919300 0.000000 2.000000 4.000000 6.000000 8.000000 54.193207 55.290479 56.437315 57.630756 58.867966 60.146246 61.463032 11.175227 12.902617 14.699299 16.542709 18.418824 20.318585 22.235934 73.490651 26.620902 59.783757 48.782351 33.955133 14.171326 47.864968 35.716843 42.266745 23.032077 27.565444 43.143242 81.619912 36.333765 55.878556 48.329913 47.913447 32.102214 22.106870 10.764648 66.373106 18.110364 49.055103 69.356928 19.227901 23.609785 65.317057 46.741981
39.649022 62.116207 74.380594 88.424267 59.313138 60.484191 61.697863 60.961050 62.101035 63.283706 62.629472 63.739624 64.892439 60.547452 62.424907 64.309751 61.276014 63.131807 64.996155 62.060503 63.893514 65.736262 59.071568 60.287697 61.544802 62.840424 60.687225 61.871605 63.097161 64.361541 53.038272 52.783025 52.602635 52.497874 55.017567 54.771546 54.597726 54.496800 27.494114 28.075319 28.784036 29.611112 30.546933 31.581836 32.706415 33.911750 35.189543 36.532194 59.912692 60.393644 60.936473 61.539542 62.201099 2.000000 0.000000 2.000000 4.000000 6.000000 52.243243 53.327601 54.463837 55.648775 56.879370 58.152724 59.466091 10.927362 12.463636 14.116558 15.849675 17.639365 19.470033 21.331131 71.490864 24.871941 59.109313 47.720742 32.847333 12.738879 46.091408 36.185694 40.778071 22.826954 28.950060 41.432369 79.620234 35.239047 55.393755 46.424692 47.039896 31.053852 23.748758 10.153844 64.574820 18.255646 48.825422 68.647091 17.494351 23.865607 64.398112 45.049154
41.622642 61.353598 73.744923 86.429934 58.187279 59.313138 60.484191 59.866189 60.961050 62.101035 61.564290 62.629472 63.739624 58.678095 60.547452 62.424907 59.429579 61.276014 63.131807 60.238118 62.060503 63.893514 57.093333 58.302213 59.553735 60.845269 58.715252 59.891404 61.110389 62.369696 51.870824 51.554971 51.315179 51.152520 53.840505 53.536274 53.305396 53.148827 28.549326 29.012142 29.603120 30.314766 31.138809 32.066583 33.089365 34.198632 35.386252 36.644606 59.495119 59.912692 60.393644 60.936473 61.539542 4.000000 2.000000 0.000000 2.000000 4.000000 50.297208 51.367586 52.492367 53.668131 54.891603 56.159664 57.469362 11.042136 12.337217 13.801632 15.387111 17.059933 18.796794 20.581486 69.491089 23.163645 58.495505 46.720666 31.826773 11.477439 44.337125 36.757529 39.334774 22.796120 30.403261 39.748498 77.620572 34.226283 54.977480 44.527784 46.236406 30.102014 25.441960 9.915818 62.788736 18.615906 48.676900 67.988695 15.823793 24.283996 63.528857 43.382482
43.598666 60.647382 73.158421 84.435869 57.109285 58.187279 59.313138 58.818974 59.866189 60.961050 60.546452 61.564290 62.629472 56.817635 58.678095 60.547452 57.593400 59.429579 61.276014 58.427355 60.238118 62.060503 55.116668 56.317755 57.563288 58.850443 56.745242 57.912563 59.124508 60.378390 50.755359 50.376406 50.074525 49.851117 52.713065 52.348286 52.057841 51.842980 29.701880 30.053039 30.531438 31.131209 31.845497 32.666790 33.587239 34.598933 35.694112 36.865338 59.142266 59.495119 59.912692 60.393644 60.936473 6.000000 4.000000 2.000000 0.000000 2.000000 48.355577 49.410776 50.523140 51.688979 52.904758 54.167114 55.472869 11.508706 12.532821 13.772904 15.176105 16.701360 18.318207 20.004449 67.491328 21.505707 57.944260 45.786155 30.902098 10.449122 42.604499 37.427630 37.942032 22.940278 31.915678 38.095209 75.620928 33.302949 54.631296 42.640298 45.506688 29.256125 27.176886 10.077020 61.015929 19.179032 48.610280 67.383249 14.238418 24.856743 62.711359 41.745098
45.576782 59.999549 72.622280 82.442091 56.081918 57.109285 58.187279 57.821991 58.818974 59.866189 59.578384 60.546452 61.564290 54.966977 56.817635 58.678095 55.768491 57.593400 59.429579 56.629327 58.427355 60.238118 53.141749 54.334438 55.573526 56.855980 54.777405 55.935228 57.139613 58.387679 49.695378 49.250883 48.884235 48.597195 51.638498 51.210872 50.858355 50.582519 30.940901 31.187594 31.559351 32.051822 32.659546 33.376228 34.195017 35.108772 36.110282 37.192461 58.855298 59.142266 59.495119 59.912692 60.393644 8.000000 6.000000 4.000000 2.000000 0.000000 46.418904 47.457567 48.556428 49.711495 50.918943 52.175135 53.476638 12.287061 13.035961 14.032131 15.227119 16.577984 18.049764 19.615260 65.491581 19.910711 57.457380 44.921302 30.082152 9.728140 40.896284 38.190824 36.605617 23.256174 33.479289 36.476661 73.621304 32.476675 54.356542 40.763545 44.854343 28.525609 28.946035 10.619286 59.257587 19.927834 48.625898 66.832191 12.769990 25.573481 61.947667 40.140586
90.139739 73.757062 64.057619 37.660458 40.389326 39.598477 38.894486 42.215981 41.459990 40.788141 44.057694 43.333845 42.691496 11.029540 12.205679 13.575951 12.770945 13.799452 15.025070 14.578865 15.487775 16.589123 8.245473 10.132495 12.055998 14.000955 9.170290 10.898342 12.706435 14.564791 36.292487 34.346142 32.406333 30.474305 36.791797 34.873331 32.964559 31.067266 65.768133 64.655717 63.586762 62.563494 61.588191 60.663166 59.790754 58.973288 58.213085 57.512414 59.728520 58.496243 57.307283 56.164392 55.070439 54.193207 52.243243 50.297208 48.355577 46.418904 0.000000 2.000000 4.000000 6.000000 8.000000 10.000000 12.000000 55.402926 54.726069 54.114702 53.571069 53.097249 52.695125 52.366350 23.241929 38.125161 54.416635 58.897086 51.814087 42.321714 14.220657 64.589976 26.320443 50.733016 71.959705 37.203257 31.639121 37.029736 57.012691 7.231066 62.797146 52.408609 70.720354 48.730124 18.216052 61.050436 59.103930 59.374192 41.638160 65.315535 50.821877 38.535631
91.481368 72.964186 65.932137 36.082937 42.269662 41.446462 40.704963 44.082566 43.293850 42.584531 45.911010 45.154243 44.474606 11.646201 12.542129 13.673916 13.518030 14.297137 15.299644 15.422071 16.109353 17.005359 6.427144 8.245473 10.132495 12.055998 7.577241 9.170290 10.898342 12.706435 38.244368 36.292487 34.346142 32.406333 38.718516 36.791797 34.873331 32.964559 67.425496 66.340877 65.299514 64.303507 63.354996 62.456144 61.609127 60.816108 60.079227 59.400572 61.717179 60.478654 59.281743 58.129016 57.023152 55.290479 53.327601 51.367586 49.410776 47.457567 2.000000 0.000000 2.000000 4.000000 6.000000 8.000000 10.000000 56.142905 55.402926 54.726069 54.114702 53.571069 53.097249 52.695125 21.341778 38.364766 56.391875 58.293155 51.682248 43.676774 16.220396 66.421544 28.302999 52.430368 73.542334 36.566949 29.770092 38.958699 59.010611 9.093630 62.300586 52.355758 72.172751 50.109241 19.069813 61.619646 61.091426 61.284363 42.192020 65.768400 52.714279 37.726821
92.846696 72.218007 67.813825 34.549190 44.160515 43.307956 42.532423 45.960376 45.141823 44.398335 47.776158 46.989246 46.275450 12.554570 13.176926 14.058645 14.504386 15.046307 15.824206 16.466245 16.945541 17.639883 4.756947 6.427144 8.245473 10.132495 6.223740 7.577241 9.170290 10.898342 40.200980 38.244368 36.292487 34.346142 40.652313 38.718516 36.791797 34.873331 69.100997 68.043091 67.028179 66.058241 65.135288 64.261343 63.438432 62.668566 61.953722 61.295825 63.706548 62.462187 61.257860 60.095973 58.979035 56.437315 54.463837 52.492367 50.523140 48.556428 4.000000 2.000000 0.000000 2.000000 4.000000 6.000000 8.000000 56.943546 56.142905 55.402926 54.726069 54.114702 53.571069 53.097249 19.461648 38.706364 58.368801 57.752204 51.627607 45.079859 18.220192 68.262566 30.287849 54.148389 75.144863 36.030559 27.919218 40.894488 61.008667 11.004540 61.864728 52.379275 73.650821 51.529089 20.087085 62.247939 63.079712 63.200093 42.832192 66.278546 54.614350 37.008528
94.234692 71.519988 69.702102 33.065309 46.060588 45.181289 44.374768 47.848090 47.002243 46.227503 49.651804 48.837207 48.092036 13.696732 14.069746 14.707653 15.684939 16.011702 16.575038 17.675807 17.966398 18.470212 3.456719 4.756947 6.427144 8.245473 5.296726 6.223740 7.577241 9.170290 42.161664 40.200980 38.244368 36.292487 42.592225 40.652313 38.718516 36.791797 70.793347 69.761110 68.771556 67.826554 66.927991 66.077761 65.277752 64.529834 63.835836 63.197535 65.696563 64.446738 63.235479 62.065042 60.937781 57.630756 55.648775 53.668131 51.688979 49.711495 6.000000 4.000000 2.000000 0.000000 2.000000 4.000000 6.000000 57.802327 56.943546 56.142905 55.402926 54.726069 54.114702 53.571069 17.607952 39.147286 60.347248 57.276018 51.650411 46.526625 20.220029 70.112298 32.274570 55.885173 76.766048 35.598604 26.090364 42.836177 63.006847 12.942399 61.490862 52.479058 75.153049 52.986395 21.244391 62.933544 65.068717 65.120890 43.554871 66.844663 56.521317 36.386114
95.644369 70.871552 71.596447 31.638313 47.968786 47.065048 46.230218 49.744580 48.873690 48.070280 51.536803 50.696710 49.922647 15.019445 15.175116 15.587962 17.019325 17.156860 17.523078 19.019230 19.142402 19.471311 3.044547 3.456719 4.756947 6.427144 5.037426 5.296726 6.223740 7.577241 44.125877 42.161664 40.200980 38.244368 44.537453 42.592225 40.652313 38.718516 72.501367 71.493795 70.528556 69.607411 68.732134 67.904497 67.126263 66.399169 65.724913 65.105136 67.687166 66.432216 65.214462 64.036029 62.899124 58.867966 56.879370 54.891603 52.904758 50.918943 8.000000 6.000000 4.000000 2.000000 0.000000 2.000000 4.000000 58.716698 57.802327 56.943546 56.142905 55.402926 54.726069 54.114702 15.790003 39.684220 62.327070 56.866224 51.750556 48.013123 22.219895 71.970068 34.262835 57.639024 78.404731 35.274921 24.288504 44.782998 65.005138 14.896694 61.180124 52.654673 76.678016 54.478152 22.520155 63.674611 67.058375 67.046319 44.356025 67.465341 58.434505 35.864571
97.074783 70.274072 73.496391 30.276246 49.884178 48.958029 48.097256 51.648880 50.754943 49.925161 53.430165 52.566529 51.765793 16.479289 16.450244 16.662956 18.474239 18.448335 18.638258 20.470175 20.446800 20.618322 3.819637 3.044547 3.456719 4.756947 5.540400 5.037426 5.296726 6.223740 46.093168 44.125877 42.161664 40.200980 46.487330 44.537453 42.592225 40.652313 74.223975 73.240105 72.298184 71.399874 70.546839 69.740741 68.983226 68.275910 67.620370 67.018124 69.678307 68.418539 67.194691 66.008761 64.862828 60.146246 58.152724 56.159664 54.167114 52.175135 10.000000 8.000000 6.000000 4.000000 2.000000 0.000000 2.000000 59.684104 58.716698 57.802327 56.943546 56.142905 55.402926 54.726069 14.021713 40.313331 64.308142 56.524265 51.927595 49.535776 24.219783 73.835270 36.252392 59.408431 80.059837 35.062508 22.520120 46.734311 67.003532 16.861711 60.933481 52.905365 78.224393 56.001608 23.895409 64.469226 69.048631 68.975992 45.231484 68.139090 60.353322 35.448351
98.525031 69.728856 75.401509 28.988260 51.805964 50.859202 49.974584 53.560157 52.644952 51.790844 55.331030 54.445601 53.620183 18.043010 17.858805 17.897587 20.023426 19.857601 19.892487 22.007385 21.856617 21.888317 5.282991 3.819637 3.044547 3.456719 6.634485 5.540400 5.037426 5.296726 48.063159 46.093168 44.125877 42.161664 48.441294 46.487330 44.537453 42.592225 75.960179 74.999088 74.079536 73.203089 72.371311 71.585761 70.847976 70.159463 69.521685 68.936051 71.669942 70.405637 69.176057 67.983086 66.828685 61.463032 59.466091 57.469362 55.472869 53.476638 12.000000 10.000000 8.000000 6.000000 4.000000 2.000000 0.000000 60.702008 59.684104 58.716698 57.802327 56.943546 56.142905 55.402926 12.324475 41.030379 66.290350 56.251380 52.180746 51.091352 26.219688 75.707354 38.243038 61.192043 81.730368 34.963393 20.793753 48.689575 69.002019 18.834094 60.751713 53.230074 79.790933 57.554245 25.353970 65.315436 71.039435 70.909563 46.177021 68.864351 62.277247 35.141197
43.174027 52.089350 84.660560 89.536105 68.357256 69.365157 70.415449 70.104209 71.087345 72.112559 71.864356 72.823734 73.824838 64.855902 66.600936 68.359939 65.869025 67.587907 69.321871 66.926594 68.618989 70.327536 61.255791 62.173090 63.140434 64.155558 63.052400 63.943931 64.884880 65.873127 61.961243 61.483739 61.068033 60.715395 63.897686 63.434760 63.031922 62.690332 37.485034 38.304948 39.209826 40.193927 41.251583 42.377287 43.565764 44.812020 46.111370 47.459454 70.527517 70.926115 71.378546 71.883794 72.440755 11.175227 10.927362 11.042136 11.508706 12.287061 55.402926 56.142905 56.943546 57.802327 58.716698 59.684104 60.702008 0.000000 2.000000 4.000000 6.000000 8.000000 10.000000 12.000000 72.115293 21.202460 69.436684 38.541959 24.047302 21.905051 51.845149 46.891996 48.637786 33.722311 37.653905 36.493971 79.802015 44.736636 66.010829 50.564330 37.214583 22.026443 31.364785 20.914770 69.802221 7.673528 59.679003 78.888240 14.653628 13.348774 74.184412 39.839007
45.045790 50.183931 85.630234 88.441171 68.917339 69.876700 70.879524 70.690467 71.626083 72.604748 72.475406 73.388270 74.343741 64.356271 66.071699 67.802723 65.420386 67.108619 68.813564 66.527621 68.188446 69.867044 60.390816 61.255791 62.173090 63.140434 62.212409 63.052400 63.943931 64.884880 62.499129 61.961243 61.483739 61.068033 64.419405 63.897686 63.434760 63.031922 39.336197 40.118297 40.983156 41.925653 42.940677 44.023211 45.168401 46.371605 47.628427 48.934736 71.673587 72.026588 72.433111 72.892261 73.403052 12.902617 12.463636 12.337217 12.532821 13.035961 54.726069 55.402926 56.142905 56.943546 57.802327 58.716698 59.684104 2.000000 0.000000 2.000000 4.000000 6.000000 8.000000 10.000000 70.974348 19.731448 70.439938 36.553606 22.047364 22.755719 51.674482 48.582652 48.942687 35.124880 39.617554 34.732230 78.581450 45.490701 67.161695 50.086082 35.274142 20.027123 33.357841 22.253023 69.466839 7.082832 61.007620 79.845422 13.513598 12.609974 74.971444 38.038441
46.928134 48.286163 86.635233 87.378300 69.530459 70.441334 71.396627 71.328003 72.216209 73.148326 73.136061 74.002568 74.912462 63.915345 65.599194 67.300350 65.030189 66.685894 68.360013 66.186703 67.814177 69.461108 59.580445 60.390816 61.255791 62.173090 61.426075 62.212409 63.052400 63.943931 63.095853 62.499129 61.961243 61.483739 64.998502 64.419405 63.897686 63.434760 41.201275 41.948616 42.776485 43.680305 44.655463 45.697393 46.801635 47.963886 49.180034 50.446180 72.856541 73.165189 73.526963 73.941082 74.406673 14.699299 14.116558 13.801632 13.772904 14.032131 54.114702 54.726069 55.402926 56.142905 56.943546 57.802327 58.716698 4.000000 2.000000 0.000000 2.000000 4.000000 6.000000 8.000000 69.872031 18.360714 71.485080 34.566598 20.047438 23.744774 51.580855 50.296013 49.326860 36.583058 41.584668 32.997660 77.393327 46.318908 68.351715 49.683798 33.340741 18.027954 35.351682 23.684730 69.187667 7.032069 62.372076 80.840760 12.589912 12.158664 75.803087 36.258786
48.819836 46.396984 87.674342 86.348676 70.195227 71.057792 71.965615 72.015457 72.856475 73.742158 73.844987 74.665401 75.529875 63.534344 65.184653 66.854058 64.699490 66.320811 67.962314 65.904742 67.497119 69.110688 58.826934 59.580445 60.390816 61.255791 60.695481 61.426075 62.212409 63.052400 63.749762 63.095853 62.499129 61.961243 65.633458 64.998502 64.419405 63.897686 43.078459 43.793778 44.587401 45.455227 46.393092 47.396839 48.462374 49.585714 50.763022 51.990631 74.074611 74.340168 74.658376 75.028565 75.449971 16.542709 15.849675 15.387111 15.176105 15.227119 53.571069 54.114702 54.726069 55.402926 56.142905 56.943546 57.802327 6.000000 4.000000 2.000000 0.000000 2.000000 4.000000 6.000000 68.810198 17.114367 72.570300 32.581180 18.047528 24.855700 51.564689 52.029835 49.788468 38.090459 43.554778 31.294783 76.239162 47.217354 69.578881 49.359336 31.415680 16.028992 37.346181 25.193965 68.965389 7.532163 63.770072 81.872861 11.932913 12.027252 76.677887 34.503276
50.719848 44.517487 88.746362 85.353503 70.910189 71.724738 72.585268 72.751412 73.545571 74.385040 74.600811 75.375487 76.194797 63.214354 64.829189 66.464976 64.429205 66.014329 67.621453 65.682496 67.238081 68.816632 58.132495 58.826934 59.580445 60.390816 60.022664 60.695481 61.426075 62.212409 64.459116 63.749762 63.095853 62.499129 66.322668 65.633458 64.998502 64.419405 44.966235 45.651984 46.413845 47.248136 48.151092 49.118927 50.147885 51.234282 52.374545 53.565234 75.326095 75.549826 75.825667 76.153053 76.531321 18.418824 17.639365 17.059933 16.701360 16.577984 53.097249 53.571069 54.114702 54.726069 55.402926 56.142905 56.943546 8.000000 6.000000 4.000000 2.000000 0.000000 2.000000 4.000000 67.790752 16.021464 73.693828 30.597660 16.047641 26.072924 51.626057 53.782139 50.325381 39.641468 45.527494 29.629061 75.120521 48.182111 70.841261 49.114236 29.500591 14.030326 39.341238 26.767616 68.800556 8.486280 65.199449 82.940354 11.588052 12.226057 77.594387 32.775793
52.627270 42.648954 89.850116 84.393999 71.673845 72.440778 73.254300 73.534413 74.282139 75.075711 75.402121 76.131505 76.905996 62.956304 64.533778 66.134113 64.220098 65.767266 67.338293 65.520575 67.037736 68.579665 57.499267 58.132495 58.826934 59.580445 59.409586 60.022664 60.695481 61.426075 65.222107 64.459116 63.749762 63.095853 67.064460 66.322668 65.633458 64.998502 46.863322 47.521703 48.254053 49.057058 49.927310 50.861357 51.855752 52.907091 54.012051 55.167409 76.609353 76.792524 77.027207 77.312931 77.649135 20.318585 19.470033 18.796794 18.318207 18.049764 52.695125 53.097249 53.571069 54.114702 54.726069 55.402926 56.142905 10.000000 8.000000 6.000000 4.000000 2.000000 0.000000 2.000000 66.815632 15.115325 74.853938 28.616436 14.047786 27.382273 51.764682 55.551178 50.935218 41.231165 47.502493 28.007125 74.039013 49.209278 72.137008 48.949693 27.597550 12.032103 41.336774 28.394977 68.693581 9.762194 66.658191 84.041891 11.583242 12.739629 78.551125 31.081010
54.541325 40.792890 90.984449 83.471394 72.484655 73.204471 73.971372 74.362974 75.064780 75.812866 76.247483 76.932100 77.662200 62.760958 64.299248 65.862348 64.072767 65.580294 67.113564 65.419424 66.896611 68.400381 56.929293 57.499267 58.132495 58.826934 58.858115 59.409586 60.022664 60.695481 66.036874 65.222107 64.459116 63.749762 67.857109 67.064460 66.322668 65.633458 48.768633 49.401629 50.106509 50.880287 51.719870 52.622108 53.583837 54.601913 55.673246 56.794820 77.922817 78.066686 78.261417 78.506632 78.801861 22.235934 21.331131 20.581486 20.004449 19.615260 52.366350 52.695125 53.097249 53.571069 54.114702 54.726069 55.402926 12.000000 10.000000 8.000000 6.000000 4.000000 2.000000 0.000000 65.886807 14.431175 76.048957 26.638017 12.047979 28.771173 51.979947 57.335400 51.615394 42.855243 49.479499 26.437036 72.996289 50.295033 73.464356 48.866518 25.709234 10.034589 43.332721 30.067327 68.644735 11.250952 68.144410 85.176149 11.918894 13.532178 79.546651 29.424577
110.720480 74.711090 83.585276 17.584667 60.457379 59.240623 58.067274 62.040827 60.855739 59.714134 63.647732 62.493124 61.381979 24.964873 23.836691 22.828289 26.603934 25.548234 24.610064 28.289463 27.299024 26.423090 15.029751 13.109435 11.217003 9.369366 14.635769 12.655814 10.683328 8.723381 57.562699 55.563131 53.563594 51.564094 57.638199 55.641344 53.644723 51.648363 88.245347 87.260310 86.310383 85.396737 84.520548 83.682994 82.885246 82.128463 81.413788 80.742339 81.558941 80.148551 78.763695 77.405743 76.076136 73.490651 71.490864 69.491089 67.491328 65.491581 23.241929 21.341778 19.461648 17.607952 15.790003 14.021713 12.324475 72.115293 70.974348 69.872031 68.810198 67.790752 66.815632 65.886807 0.000000 51.769498 75.917255 62.896846 61.209982 63.392684 37.101589 87.717145 49.391346 73.420405 94.051871 42.955155 8.501120 60.265560 79.247215 30.435404 67.767013 62.519276 92.093495 69.852424 30.768738 76.251717 82.045566 79.552512 57.480484 79.418725 70.842987 42.205262
63.539263 44.686690 82.750346 69.334566 62.307959 62.741627 63.235605 64.268184 64.688712 65.167932 66.230788 66.638931 67.104226 48.712089 50.176526 51.676879 50.115270 51.539852 53.001627 51.557859 52.943639 54.367684 42.499635 43.072334 43.729086 44.466166 44.431425 44.979534 45.608831 46.316007 55.981402 54.870371 53.810759 52.805663 57.638834 56.560370 55.533014 54.559655 50.610361 50.676911 50.822140 51.045378 51.345605 51.721483 52.171376 52.693387 53.285398 53.945105 71.314776 71.116804 70.974660 70.888679 70.859067 26.620902 24.871941 23.163645 21.505707 19.910711 38.125161 38.364766 38.706364 39.147286 39.684220 40.313331 41.030379 21.202460 19.731448 18.360714 17.114367 16.021464 15.115325 14.431175 51.769498 0.000000 68.480165 28.573360 15.834851 25.356673 39.182587 56.618332 41.066520 40.623179 53.386701 16.590633 59.130839 42.517870 67.057874 35.135397 30.272270 15.584964 48.600510 29.575828 54.895155 24.491095 63.378665 77.007484 7.395024 27.835181 70.455969 20.240251
76.285181 113.153271 15.280812 84.957266 16.751698 18.566679 20.416261 15.968544 17.863274 19.778745 15.406798 17.362937 19.328056 51.263695 52.750874 54.271015 49.928912 51.454685 53.012007 48.639759 50.204726 51.799641 61.648907 63.640716 65.633023 67.625785 61.497444 63.494005 65.490775 67.487737 18.355319 20.354459 22.353753 24.353163 18.402472 20.396992 22.392489 24.388723 45.963391 43.963500 41.963619 39.963750 37.963895 35.964057 33.964237 31.964440 29.964670 27.964932 6.084721 4.324184 2.893666 2.459276 3.423854 59.783757 59.109313 58.495505 57.944260 57.457380 54.416635 56.391875 58.368801 60.347248 62.327070 64.308142 66.290350 69.436684 70.439938 71.485080 72.570300 73.693828 74.853938 76.048957 75.917255 68.480165 0.000000 97.000449 83.767637 47.741317 40.497750 35.393042 30.252201 37.594394 53.242464 79.504573 83.442143 26.022701 6.855190 48.533587 98.658092 82.908778 57.872703 49.029861 47.464133 77.084734 16.190925 9.632550 65.230603 82.762507 9.890931 82.560289
79.446258 16.179365 111.100041 79.330215 89.933349 90.165668 90.441627 91.922494 92.149798 92.419833 93.912100 94.134600 94.398958 69.884970 70.826094 71.810599 71.667298 72.585316 73.546275 73.460834 74.356712 75.295067 59.901401 59.565785 59.295763 59.092236 61.868337 61.543447 61.282140 61.085231 83.760551 82.483744 81.236113 80.019023 85.297881 84.044432 82.820315 81.626850 75.212418 75.731296 76.299085 76.914704 77.577013 78.284828 79.036925 79.832054 80.668941 81.546302 99.887929 99.684559 99.520974 99.397370 99.313897 48.782351 47.720742 46.720666 45.786155 44.921302 58.897086 58.293155 57.752204 57.276018 56.866224 56.524265 56.251380 38.541959 36.553606 34.566598 32.581180 30.597660 28.616436 26.638017 62.896846 28.573360 97.000449 0.000000 14.894502 52.726455 64.616449 83.110795 68.808915 67.786783 76.117395 21.728982 67.674414 71.077746 95.624234 58.637145 5.202391 16.680241 69.903565 55.524782 77.080060 35.272636 91.696305 105.393099 33.189288 33.499018 98.572270 21.112377
66.220546 30.101034 98.265157 78.593592 78.124847 78.573385 79.069982 80.080461 80.518106 81.002781 82.038215 82.465471 82.938767 62.750708 64.019706 65.325294 64.324139 65.562689 66.838144 65.920696 67.129796 68.376025 54.749633 54.904983 55.132494 55.431278 56.746213 56.896110 57.115691 57.404154 71.781741 70.692901 69.644485 68.638344 73.454843 72.391173 71.367709 70.386206 60.331350 60.838229 61.406095 62.033273 62.717982 63.458362 64.252487 65.098390 65.994081 66.937562 86.271187 86.200786 86.176755 86.199135 86.267889 33.955133 32.847333 31.826773 30.902098 30.082152 51.814087 51.682248 51.627607 51.650411 51.750556 51.927595 52.180746 24.047302 22.047364 20.047438 18.047528 16.047641 14.047786 12.047979 61.209982 15.834851 83.767637 14.894502 0.000000 38.203358 54.653814 68.268311 56.886814 53.099087 61.397818 18.632948 67.465192 57.744949 81.918635 49.905097 15.069076 2.153885 55.352621 40.698832 69.398323 22.063221 77.481308 92.493951 18.832149 21.957444 86.140277 20.621603
47.818025 68.304363 62.895639 79.591355 46.717528 47.835854 49.010310 48.407363 49.487516 50.623668 50.120037 51.164046 52.263765 49.514671 51.459016 53.407471 50.030020 51.955082 53.885603 50.619197 52.522669 54.433064 49.820275 51.276433 52.768223 54.292708 51.231191 52.648340 54.102315 55.590226 40.393962 40.083889 39.871847 39.759404 42.363104 42.067548 41.865554 41.758480 26.660747 26.309288 26.106739 26.056574 26.159668 26.414228 26.815940 27.358323 28.033213 28.831307 49.253208 49.489318 49.804685 50.197816 50.666901 14.171326 12.738879 11.477439 10.449122 9.728140 42.321714 43.676774 45.079859 46.526625 48.013123 49.535776 51.091352 21.905051 22.755719 23.744774 24.855700 26.072924 27.382273 28.771173 63.392684 25.356673 47.741317 52.726455 38.203358 0.000000 34.319289 31.309119 28.095873 15.272498 31.208120 41.004558 71.788763 22.854136 44.769999 35.851945 53.233179 36.896464 28.700836 6.466015 52.876865 29.576226 39.447380 57.104587 19.542905 35.243194 52.279979 44.671752
81.181849 80.403741 51.116102 49.871082 27.638708 27.231413 26.966674 29.584917 29.204777 28.958085 31.537858 31.181536 30.950603 16.067838 18.066910 20.066167 16.127599 18.120079 20.114052 16.432392 18.391882 20.359252 22.131645 24.111481 26.094392 28.079728 22.514381 24.463262 26.419784 28.382367 22.748341 20.901533 19.085626 17.310349 23.557590 21.779511 20.043307 18.360860 54.483498 53.144589 51.848270 50.597815 49.396707 48.248631 47.157461 46.127236 45.162127 44.266392 45.654566 44.492287 43.391104 42.355780 41.391259 47.864968 46.091408 44.337125 42.604499 40.896284 14.220657 16.220396 18.220192 20.220029 22.219895 24.219783 26.219688 51.845149 51.674482 51.580855 51.564689 51.626057 51.764682 51.979947 37.101589 39.182587 40.497750 64.616449 54.653814 34.319289 0.000000 51.804500 12.319638 39.322443 61.236833 43.946663 45.310355 23.555766 42.830390 8.083409 67.720297 54.690064 61.094158 40.232578 18.559030 58.588135 44.970316 46.110674 40.181600 63.588012 37.799610 46.228426
41.045031 98.069692 48.974252 101.643728 45.580822 47.493281 49.412673 46.217624 48.104773 50.000697 46.931079 48.790641 50.660903 67.560035 69.519385 71.480987 67.181624 69.151697 71.123441 66.860922 68.840174 70.820591 72.828478 74.663400 76.506596 78.357484 73.656830 75.471615 77.295542 79.127977 41.753078 42.916068 44.139077 45.417260 43.417120 44.536677 45.716353 46.951616 11.968030 10.167757 8.457708 6.905241 5.641976 4.897083 4.912328 5.681593 6.959169 8.519365 32.767692 34.194951 35.677272 37.208074 38.781617 35.716843 36.185694 36.757529 37.427630 38.190824 64.589976 66.421544 68.262566 70.112298 71.970068 73.835270 75.707354 46.891996 48.582652 50.296013 52.029835 53.782139 55.551178 57.335400 87.717145 56.618332 35.393042 83.110795 68.268311 31.309119 51.804500 0.000000 39.990803 16.241862 18.328213 72.243591 96.181388 28.458219 29.025044 57.358914 82.932349 66.671276 24.202273 27.589418 67.591133 53.517459 19.601823 44.247100 50.354087 58.705847 44.441120 75.893092
72.173314 84.953816 42.832661 61.990326 21.241935 21.722848 22.372850 23.206416 23.647412 24.245874 25.176492 25.583550 26.137719 27.596265 29.543228 31.496838 27.192401 29.166336 31.143597 26.931386 28.923140 30.915958 34.387342 36.351932 38.320186 40.291567 34.827910 36.768968 38.716026 40.668223 14.960362 13.806498 12.861816 12.175108 16.573829 15.540230 14.707334 14.110727 43.867637 42.351761 40.877547 39.449664 38.073325 36.754322 35.499047 34.314494 33.208231 32.188332 34.789320 33.889994 33.087257 32.388292 31.799943 42.266745 40.778071 39.334774 37.942032 36.605617 26.320443 28.302999 30.287849 32.274570 34.262835 36.252392 38.243038 48.637786 48.942687 49.326860 49.788468 50.325381 50.935218 51.615394 49.391346 41.066520 30.252201 68.808915 56.886814 28.095873 12.319638 39.990803 0.000000 28.978096 51.001068 49.894721 57.626597 11.533755 31.502321 19.482767 71.150526 56.454682 51.839676 32.940270 27.979301 56.025408 32.796402 37.337687 39.795684 61.464868 29.898815 52.756492
43.578775 83.148934 52.793914 88.327986 41.645974 43.235048 44.857013 42.912012 44.455854 46.034826 44.232277 45.731571 47.267947 55.390146 57.389342 59.388593 55.368553 57.368502 59.368455 55.419176 57.417362 59.415670 58.848269 60.571470 62.311212 64.066148 59.902702 61.596411 63.307993 65.036038 36.166121 36.627937 37.191708 37.852881 38.125956 38.564309 39.100171 39.729596 15.169239 13.933011 12.889987 12.090275 11.584374 11.411429 11.586358 12.094076 12.895334 13.939606 37.597929 38.289150 39.070626 39.937058 40.883045 23.032077 22.826954 22.796120 22.940278 23.256174 50.733016 52.430368 54.148389 55.885173 57.639024 59.408431 61.192043 33.722311 35.124880 36.583058 38.090459 39.641468 41.231165 42.855243 73.420405 40.623179 37.594394 67.786783 53.099087 15.272498 39.322443 16.241862 28.978096 0.000000 22.046740 56.039825 81.921515 18.660845 33.109650 43.593136 68.017853 51.655843 23.293290 12.900531 56.822255 41.058995 26.025498 47.226512 34.691302 46.621098 44.331901 59.680552
23.110634 89.618286 67.216620 109.614825 61.471051 63.255288 65.052076 62.412971 64.171023 65.942865 63.404005 65.135314 66.881614 77.286099 79.285991 81.285889 77.332948 79.331659 81.330434 77.431444 79.427677 81.424095 79.894737 81.511497 83.144931 84.794073 81.099823 82.693026 84.303570 85.930478 56.709936 57.487437 58.323186 59.214715 58.569741 59.322872 60.133116 60.998198 7.588437 9.508143 11.455357 13.418108 15.390453 17.369124 19.352180 21.338400 23.326974 25.317349 51.010532 52.365907 53.761529 55.194345 56.661535 27.565444 28.950060 30.403261 31.915678 33.479289 71.959705 73.542334 75.144863 76.766048 78.404731 80.059837 81.730368 37.653905 39.617554 41.584668 43.554778 45.527494 47.502493 49.479499 94.051871 53.386701 53.242464 76.117395 61.397818 31.208120 61.236833 18.328213 51.001068 22.046740 0.000000 69.954973 102.519976 40.301314 47.122694 64.970008 74.851873 59.477174 7.336044 25.047864 78.868700 42.590151 37.829042 62.351353 46.153985 46.907718 61.823515 73.619875
79.544326 36.741060 92.722841 60.167524 70.453967 70.451063 70.504915 72.453729 72.450905 72.503272 74.453504 74.450756 74.501717 48.170435 49.097534 50.087371 49.967260 50.861617 51.817768 51.778986 52.642571 53.566942 38.318520 38.105748 37.997198 37.993764 40.301836 40.099589 39.996451 39.993189 64.575857 63.100029 61.653759 60.239175 65.926897 64.481998 63.067427 61.685271 66.962758 66.923450 66.943897 67.024044 67.163678 67.362429 67.619775 67.935050 68.307454 68.736056 83.158626 82.659062 82.205133 81.797600 81.437158 43.143242 41.432369 39.748498 38.095209 36.476661 37.203257 36.566949 36.030559 35.598604 35.274921 35.062508 34.963393 36.493971 34.732230 32.997660 31.294783 29.629061 28.007125 26.437036 42.955155 16.590633 79.504573 21.728982 18.632948 41.004558 43.946663 72.243591 49.894721 56.039825 69.954973 0.000000 48.912425 54.422109 79.183253 37.392431 25.906344 20.244890 65.175835 45.820387 55.408230 37.686176 76.837515 87.184576 23.938728 39.244576 79.749340 3.686507
118.977698 78.266981 90.375937 11.740433 67.624205 66.293994 64.998109 69.115971 67.815028 66.548768 70.632866 69.360380 68.122851 32.190219 30.800275 29.480563 33.626618 32.298547 31.042597 35.118211 33.848713 32.652444 23.396693 21.524619 19.677734 17.863852 22.799578 20.874021 18.963881 17.074331 65.125896 63.127804 61.129836 59.132006 65.070602 63.070758 61.070924 59.071101 96.740744 95.760092 94.811491 93.895913 93.014333 92.167726 91.357066 90.583316 89.847430 89.150347 89.184322 87.711324 86.259547 84.830081 83.424072 81.619912 79.620234 77.620572 75.620928 73.621304 31.639121 29.770092 27.919218 26.090364 24.288504 22.520120 20.793753 79.802015 78.581450 77.393327 76.239162 75.120521 74.039013 72.996289 8.501120 59.130839 83.442143 67.674414 67.465192 71.788763 45.310355 96.181388 57.626597 81.921515 102.519976 48.912425 0.000000 68.616809 87.039772 38.856618 72.707019 68.918829 100.484936 78.241864 37.125947 83.605023 90.156712 86.593084 65.148449 86.507637 77.895045 47.670011
62.238660 87.204546 40.715382 73.407931 24.211227 25.536650 26.945453 25.780481 27.029061 28.363834 27.405890 28.583558 29.848898 39.121589 41.073372 43.029582 38.723420 40.694304 42.667898 38.425354 40.410777 42.397571 45.240499 47.158894 49.083804 51.014491 45.857823 47.751424 49.653368 51.562734 18.157682 18.297355 18.651675 19.208768 20.157478 20.283385 20.603580 21.109223 32.951213 31.318169 29.730002 28.194295 26.720097 25.318153 24.001128 22.783753 21.682820 20.716901 28.899661 28.612933 28.464179 28.455562 28.587209 36.333765 35.239047 34.226283 33.302949 32.476675 37.029736 38.958699 40.894488 42.836177 44.782998 46.734311 48.689575 44.736636 45.490701 46.318908 47.217354 48.182111 49.209278 50.295033 60.265560 42.517870 26.022701 71.077746 57.744949 22.854136 23.555766 28.458219 11.533755 18.660845 40.301314 54.422109 68.616809 0.000000 24.792870 29.894153 72.646103 56.897485 41.947198 25.878822 39.303526 52.397900 23.315377 34.911010 39.253187 58.049958 29.486197 57.682588
70.050769 111.683836 20.230601 89.305354 22.255562 24.200292 26.153361 21.854943 23.832387 25.813306 21.632546 23.628609 25.625286 55.054453 56.673830 58.316836 53.887625 55.541034 57.216577 52.770821 54.458148 56.166005 64.622357 66.622323 68.622291 70.622261 64.665112 66.663796 68.662556 70.661386 22.264054 24.207566 26.159595 28.118368 22.838590 24.737004 26.650282 28.575439 40.011603 38.016631 36.022217 34.028458 32.035477 30.043429 28.052513 26.062988 24.075199 22.089614 4.519104 5.323438 6.652494 8.256656 10.004452 55.878556 55.393755 54.977480 54.631296 54.356542 57.012691 59.010611 61.008667 63.006847 65.005138 67.003532 69.002019 66.010829 67.161695 68.351715 69.578881 70.841261 72.137008 73.464356 79.247215 67.057874 6.855190 95.624234 81.918635 44.769999 42.830390 29.025044 31.502321 33.109650 47.122694 79.183253 87.039772 24.792870 0.000000 50.659868 96.938830 80.904875 52.112677 45.240477 51.967862 73.580928 9.519537 15.233801 63.157961 79.231870 16.713255 82.402503
83.599667 74.108682 59.146546 44.738199 35.592919 35.080142 34.675306 37.515632 37.029490 36.646195 39.446031 38.983969 38.620077 14.296776 16.085535 17.919014 15.346643 17.025453 18.767330 16.572298 18.138018 19.782171 15.472717 17.334659 19.224355 21.134362 16.349798 18.121847 19.937070 21.784678 30.828017 28.970422 27.133080 25.320401 31.601628 29.792308 28.008932 26.256789 58.671264 57.524223 56.424775 55.375755 54.380082 53.440737 52.560740 51.743119 50.990876 50.306942 53.608997 52.490548 51.425584 50.417494 49.469756 48.329913 46.424692 44.527784 42.640298 40.763545 7.231066 9.093630 11.004540 12.942399 14.896694 16.861711 18.834094 50.564330 50.086082 49.683798 49.359336 49.114236 48.949693 48.866518 30.435404 35.135397 48.533587 58.637145 49.905097 35.851945 8.083409 57.358914 19.482767 43.593136 64.970008 37.392431 38.856618 29.894153 50.659868 0.000000 62.100194 50.213746 63.968384 42.178016 19.789035 56.702516 52.255776 54.180638 37.527640 61.309983 45.831074 39.348644
76.745030 15.145947 113.017150 84.335498 92.368655 92.700112 93.073375 94.344932 94.669470 95.034998 96.322188 96.640086 96.998189 73.819877 74.841852 75.902776 75.557441 76.556224 77.593711 77.307694 78.284149 79.299033 64.223256 63.978026 63.794584 63.673465 66.204709 65.966845 65.788949 65.671508 86.105791 84.915261 83.755573 82.628024 87.709916 86.541457 85.403853 84.298355 74.460281 75.110442 75.807806 76.551083 77.338951 78.170060 79.043047 79.956539 80.909166 81.899561 101.273411 101.169258 101.104568 101.079418 101.093836 47.913447 47.039896 46.236406 45.506688 44.854343 62.797146 62.300586 61.864728 61.490862 61.180124 60.933481 60.751713 37.214583 35.274142 33.340741 31.415680 29.500591 27.597550 25.709234 67.767013 30.272270 98.658092 5.202391 15.069076 53.233179 67.720297 82.932349 71.150526 68.017853 74.851873 25.906344 72.707019 72.646103 96.938830 62.100194 0.000000 16.364483 68.382609 55.460512 80.901920 33.034526 92.548316 107.267838 33.900704 30.543796 100.706973 25.720786
64.079000 31.494250 97.509522 79.961718 77.669115 78.170135 78.718794 79.612857 80.101720 80.637237 81.559319 82.036583 82.559551 63.286229 64.605042 65.958139 64.818340 66.106595 67.429567 66.375353 67.633958 68.927621 55.632614 55.858128 56.154013 56.519164 57.623880 57.841631 58.127420 58.480250 71.295286 70.256628 69.260160 68.307728 72.999500 71.985435 71.013230 70.084626 58.547963 59.094804 59.703666 60.372673 61.099849 61.883143 62.720454 63.609647 64.548579 65.535113 85.284037 85.258537 85.279946 85.348229 85.463275 32.102214 31.053852 30.102014 29.256125 28.525609 52.408609 52.355758 52.379275 52.479058 52.654673 52.905365 53.230074 22.026443 20.027123 18.027954 16.028992 14.030326 12.032103 10.034589 62.519276 15.584964 82.908778 16.680241 2.153885 36.896464 54.690064 66.671276 56.454682 51.655843 59.477174 20.244890 68.918829 56.897485 80.904875 50.213746 16.364483 0.000000 53.367075 39.142467 69.816941 19.909578 76.272441 91.725669 17.746958 19.874447 85.510149 22.427569
20.344767 82.994127 72.336526 108.197452 64.519871 66.199642 67.896770 65.640665 67.292464 68.962703 66.802545 68.426302 70.069519 76.969630 78.958780 80.948464 77.205971 79.189184 81.173221 77.493225 79.469270 81.446484 78.404132 79.908854 81.434894 82.981077 79.748159 81.227988 82.729699 84.252122 59.301491 59.855803 60.471212 61.145873 61.234085 61.771057 62.367570 63.021933 12.294335 14.230945 16.182981 18.145468 20.115345 22.090636 24.070009 26.052532 28.037538 30.024534 56.215707 57.422618 58.672893 59.963820 61.292830 22.106870 23.748758 25.441960 27.176886 28.946035 70.720354 72.172751 73.650821 75.153049 76.678016 78.224393 79.790933 31.364785 33.357841 35.351682 37.346181 39.341238 41.336774 43.332721 92.093495 48.600510 57.872703 69.903565 55.352621 28.700836 61.094158 24.202273 51.839676 23.293290 7.336044 65.175835 100.484936 41.947198 52.112677 63.968384 68.382609 53.367075 0.000000 22.243144 79.238132 35.762248 43.123114 67.233572 41.237516 39.860499 65.925464 68.797140
41.428778 70.606455 64.309023 86.049859 50.089662 51.385660 52.725686 51.648037 52.905875 54.208334 53.235940 54.457113 55.723325 55.678084 57.638069 59.600713 56.117283 58.062444 60.011211 56.623756 58.552095 60.485087 56.272788 57.737486 59.233504 60.758527 57.670345 59.100417 60.562777 62.055142 43.966714 43.907811 43.939956 44.062951 45.964108 45.907768 45.938514 46.056172 21.162147 21.116025 21.258801 21.586724 22.091554 22.761520 23.582554 24.539498 25.617123 26.800878 49.759328 50.250126 50.814954 51.451375 52.156768 10.764648 10.153844 9.915818 10.077020 10.619286 48.730124 50.109241 51.529089 52.986395 54.478152 56.001608 57.554245 20.914770 22.253023 23.684730 25.193965 26.767616 28.394977 30.067327 69.852424 29.575828 49.029861 55.524782 40.698832 6.466015 40.232578 27.589418 32.940270 12.900531 25.047864 45.820387 78.241864 25.878822 45.240477 42.178016 55.460512 39.142467 22.243144 0.000000 58.744709 28.382866 38.768390 58.595917 22.912555 34.011288 54.605494 49.506802
99.451305 91.967319 53.277806 37.496004 31.021170 29.514742 28.070039 32.340495 30.898458 29.521547 33.726878 32.346706 31.034117 7.550959 7.510672 7.987703 5.582700 5.528087 6.160597 3.649121 3.565010 4.483582 20.115858 21.613898 23.187786 24.823099 18.799346 20.394319 22.055409 23.768759 29.719022 27.813061 25.921274 24.047007 29.195432 27.252878 25.319270 23.396827 71.819697 70.325278 68.856521 67.415104 66.002818 64.621573 63.273402 61.960465 60.685047 59.449565 53.437659 51.787672 50.163160 48.566678 47.001084 66.373106 64.574820 62.788736 61.015929 59.257587 18.216052 19.069813 20.087085 21.244391 22.520155 23.895409 25.353970 69.802221 69.466839 69.187667 68.965389 68.800556 68.693581 68.644735 30.768738 54.895155 47.464133 77.080060 69.398323 52.876865 18.559030 67.591133 27.979301 56.822255 78.868700 55.408230 37.125947 39.303526 51.967862 19.789035 80.901920 69.816941 79.238132 58.744709 0.000000 76.219492 56.866237 49.672238 57.215513 80.959970 41.024806 56.737290
44.294310 47.318562 92.317488 93.806071 75.945505 76.923937 77.941416 77.706828 78.663354 79.658619 79.479446 80.414890 81.388739 70.921738 72.595119 74.284653 72.049143 73.696930 75.361767 73.213832 74.835978 76.476022 66.358508 67.111522 67.915102 68.767476 68.225515 68.958144 69.740449 70.570780 69.535826 69.018614 68.555868 68.148698 71.462477 70.959310 70.509302 70.113477 43.436525 44.461321 45.550920 46.700789 47.906586 49.164197 50.469749 51.819619 53.210433 54.639066 78.099501 78.528192 79.005201 79.529659 80.100634 18.110364 18.255646 18.615906 19.179032 19.927834 61.050436 61.619646 62.247939 62.933544 63.674611 64.469226 65.315436 7.673528 7.082832 7.032069 7.532163 8.486280 9.762194 11.250952 76.251717 24.491095 77.084734 35.272636 22.063221 29.576226 58.588135 53.517459 56.025408 41.058995 42.590151 37.686176 83.605023 52.397900 73.580928 56.702516 33.034526 19.909578 35.762248 28.382866 76.219492 0.000000 67.073963 86.548854 19.427663 5.679555 81.853662 40.662754
60.646319 107.530731 29.389766 93.534168 29.451973 31.451970 33.451967 29.516006 31.511939 33.508357 29.714819 31.698236 33.683614 58.872388 60.649418 62.439937 57.967998 59.771922 61.587957 57.119345 58.949244 60.789861 67.101832 69.081280 71.061880 73.043536 67.421045 69.391388 71.363381 73.336891 27.662421 29.370227 31.112874 32.884823 28.784306 30.429213 32.114446 33.833982 30.897157 28.920301 26.946861 24.977647 23.013744 21.056636 19.108413 17.172099 15.252230 13.355899 13.181737 14.599262 16.140591 17.773546 19.475091 49.055103 48.825422 48.676900 48.610280 48.625898 59.103930 61.091426 63.079712 65.068717 67.058375 69.048631 71.039435 59.679003 61.007620 62.372076 63.770072 65.199449 66.658191 68.144410 82.045566 63.378665 16.190925 91.696305 77.481308 39.447380 44.970316 19.601823 32.796402 26.025498 37.829042 76.837515 90.156712 23.315377 9.519537 52.255776 92.548316 76.272441 43.123114 38.768390 56.866237 67.073963 0.000000 24.673336 58.659810 72.645744 25.798086 80.243319
85.281922 121.570861 5.808522 86.834364 19.143422 20.317459 21.613136 17.511703 18.787982 20.182091 15.963987 17.354464 18.854865 54.591634 55.831543 57.114586 53.018775 54.294615 55.613127 51.475573 52.788723 54.143919 65.981949 67.932141 69.885148 71.840742 65.560846 67.523202 69.487704 71.454175 23.378877 25.210382 27.065750 28.940392 22.617785 24.506237 26.411118 28.329113 55.199832 53.201847 51.204020 49.206369 47.208917 45.211690 43.214720 41.218043 39.221705 37.225761 11.746805 10.093985 8.590089 7.327395 6.449171 69.356928 68.647091 67.988695 67.383249 66.832191 59.374192 61.284363 63.200093 65.120890 67.046319 68.975992 70.909563 78.888240 79.845422 80.840760 81.872861 82.940354 84.041891 85.176149 79.552512 77.007484 9.632550 105.393099 92.493951 57.104587 46.110674 44.247100 37.337687 47.226512 62.351353 87.184576 86.593084 34.911010 15.233801 54.180638 107.267838 91.725669 67.233572 58.595917 49.672238 86.548854 24.673336 0.000000 74.143639 92.228366 8.709841 90.089063
56.255651 48.877258 79.940505 74.931785 60.790840 61.450430 62.167390 62.692102 63.331894 64.027790 64.599328 65.220413 65.896368 51.648756 53.280477 54.936549 52.848107 54.443894 56.065612 54.094831 55.654883 57.242302 46.991169 47.804599 48.686646 49.633651 48.839878 49.623014 50.473292 51.387382 54.356188 53.474651 52.654357 51.898211 56.143960 55.290933 54.497985 53.767773 43.682679 43.865114 44.137513 44.498224 44.945119 45.475659 46.086955 46.775840 47.538943 48.372750 67.538551 67.525236 67.571142 67.676147 67.839977 19.227901 17.494351 15.823793 14.238418 12.769990 41.638160 42.192020 42.832192 43.554871 44.356025 45.231484 46.177021 14.653628 13.513598 12.589912 11.932913 11.588052 11.583242 11.918894 57.480484 7.395024 65.230603 33.189288 18.832149 19.542905 40.181600 50.354087 39.795684 34.691302 46.153985 23.938728 65.148449 39.253187 63.157961 37.527640 33.900704 17.746958 41.237516 22.912555 57.215513 19.427663 58.659810 74.143639 0.000000 23.788628 68.171296 27.562606
46.209808 44.063882 97.996683 97.003243 81.526984 82.480805 83.471657 83.300285 84.234029 85.204494 85.083640 85.998023 86.948802 75.433666 77.053606 78.691033 76.636031 78.231078 79.844360 77.871204 79.441455 81.030643 70.233979 70.872101 71.560447 72.297583 72.140467 72.761871 73.432505 74.151033 75.107419 74.558706 74.059954 73.612179 77.025613 76.490661 76.004588 75.568337 48.304630 49.432587 50.614464 51.846575 53.125423 54.447718 55.810369 57.210494 58.645408 60.112621 83.750826 84.191494 84.677118 85.206931 85.780114 23.609785 23.865607 24.283996 24.856743 25.573481 65.315535 65.768400 66.278546 66.844663 67.465341 68.139090 68.864351 13.348774 12.609974 12.158664 12.027252 12.226057 12.739629 13.532178 79.418725 27.835181 82.762507 33.499018 21.957444 35.243194 63.588012 58.705847 61.464868 46.621098 46.907718 39.244576 86.507637 58.049958 79.231870 61.309983 30.543796 19.874447 39.860499 34.011288 80.959970 5.679555 72.645744 92.228366 23.788628 0.000000 87.514852 41.892896
84.933841 114.741587 13.316703 78.289264 10.472591 11.608747 12.955726 8.802260 10.127567 11.647122 7.299616 8.852810 10.557465 45.881802 47.125510 48.419910 44.311389 45.597952 46.934499 42.776848 44.108193 45.488534 57.319483 59.263267 61.210673 63.161367 56.873876 58.832385 60.793595 62.757254 15.278549 16.966997 18.716943 20.512652 14.245491 16.043035 17.883622 19.755224 54.374467 52.388027 50.402660 48.418497 46.435693 44.454430 42.474923 40.497430 38.522261 36.549793 15.354762 13.357737 11.361758 9.367494 7.376337 65.317057 64.398112 63.528857 62.711359 61.947667 50.821877 52.714279 54.614350 56.521317 58.434505 60.353322 62.277247 74.184412 74.971444 75.803087 76.677887 77.594387 78.551125 79.546651 70.842987 70.455969 9.890931 98.572270 86.140277 52.279979 37.799610 44.441120 29.898815 44.331901 61.823515 79.749340 77.895045 29.486197 16.713255 45.831074 100.706973 85.510149 65.925464 54.605494 41.024806 81.853662 25.798086 8.709841 68.171296 87.514852 0.000000 82.531205
82.960510 35.237687 95.581500 59.119129 73.082600 73.006636 72.985418 75.080002 75.006061 74.985409 77.077539 77.005515 76.985400 49.372946 50.171470 51.035918 51.226780 51.996842 52.831431 53.091225 53.834624 54.641150 38.886022 38.485329 38.185316 37.988368 40.837206 40.455842 40.170548 39.983381 67.306357 65.779759 64.279139 62.806360 68.600916 67.103776 65.633435 64.191734 70.649118 70.609210 70.625939 70.699265 70.829011 71.014868 71.256398 71.553036 71.904101 72.308799 86.329128 85.785741 85.285804 84.830085 84.419301 46.741981 45.049154 43.382482 41.745098 40.140586 38.535631 37.726821 37.008528 36.386114 35.864571 35.448351 35.141197 39.839007 38.038441 36.258786 34.503276 32.775793 31.081010 29.424577 42.205262 20.240251 82.560289 21.112377 20.621603 44.671752 46.228426 75.893092 52.756492 59.680552 73.619875 3.686507 47.670011 57.682588 82.402503 39.348644 25.720786 22.427569 68.797140 49.506802 56.737290 40.662754 80.243319 90.089063 27.562606 41.892896 82.531205 0.000000
